0.000000e+00  -2.225300e+01  8.310780e+02  3.710430e+02  3.135729e+00  -1.745329e+00  1.548498e+00  1.230000e+02
0.000000e+00  -2.225300e+01  8.310780e+02  3.710430e+02  3.135729e+00  -1.745329e+00  1.548498e+00  1.230000e+02
0.000000e+00  -2.233376e+01  8.310780e+02  3.711914e+02  3.135729e+00  -1.745329e+00  1.548498e+00  1.230000e+02
0.000000e+00  -2.244394e+01  8.310780e+02  3.714527e+02  3.135729e+00  -1.745329e+00  1.548498e+00  1.230000e+02
0.000000e+00  -2.254356e+01  8.310780e+02  3.717982e+02  3.135729e+00  -1.745329e+00  1.548498e+00  1.230000e+02
0.000000e+00  -2.260241e+01  8.310780e+02  3.722049e+02  3.135729e+00  -1.745329e+00  1.548498e+00  1.230000e+02
0.000000e+00  -2.259873e+01  8.310780e+02  3.726545e+02  3.135729e+00  -1.745329e+00  1.548498e+00  1.230000e+02
0.000000e+00  -2.251794e+01  8.310780e+02  3.731330e+02  3.135729e+00  -1.745329e+00  1.548498e+00  1.230000e+02
0.000000e+00  -2.235160e+01  8.310780e+02  3.736299e+02  3.135729e+00  -1.745329e+00  1.548498e+00  1.230000e+02
0.000000e+00  -2.209648e+01  8.310780e+02  3.741373e+02  3.135729e+00  -1.745329e+00  1.548498e+00  1.230000e+02
0.000000e+00  -2.175367e+01  8.310780e+02  3.746499e+02  3.135729e+00  -1.745329e+00  1.548498e+00  1.230000e+02
0.000000e+00  -2.132793e+01  8.310780e+02  3.751638e+02  3.135729e+00  -1.745329e+00  1.548498e+00  1.230000e+02
0.000000e+00  -2.082697e+01  8.310780e+02  3.756767e+02  3.135729e+00  -1.745329e+00  1.548498e+00  1.230000e+02
0.000000e+00  -2.026095e+01  8.310780e+02  3.761874e+02  3.135729e+00  -1.745329e+00  1.548498e+00  1.230000e+02
0.000000e+00  -1.964198e+01  8.310780e+02  3.766949e+02  3.135729e+00  -1.745329e+00  1.548498e+00  1.230000e+02
0.000000e+00  -1.898368e+01  8.310780e+02  3.771988e+02  3.135729e+00  -1.745329e+00  1.548498e+00  1.230000e+02
0.000000e+00  -1.830083e+01  8.310780e+02  3.776987e+02  3.135729e+00  -1.745329e+00  1.548498e+00  1.230000e+02
0.000000e+00  -1.760906e+01  8.310780e+02  3.781939e+02  3.135729e+00  -1.745329e+00  1.548498e+00  1.230000e+02
0.000000e+00  -1.692458e+01  8.310780e+02  3.786833e+02  3.135729e+00  -1.745329e+00  1.548498e+00  1.230000e+02
0.000000e+00  -1.626390e+01  8.310780e+02  3.791654e+02  3.135729e+00  -1.745329e+00  1.548498e+00  1.230000e+02
0.000000e+00  -1.564370e+01  8.310780e+02  3.796380e+02  3.135729e+00  -1.745329e+00  1.548498e+00  1.230000e+02
0.000000e+00  -1.508058e+01  8.310780e+02  3.800981e+02  3.135729e+00  -1.745329e+00  1.548498e+00  1.230000e+02
0.000000e+00  -1.459094e+01  8.310780e+02  3.805421e+02  3.135729e+00  -1.745329e+00  1.548498e+00  1.230000e+02
0.000000e+00  -1.419082e+01  8.310780e+02  3.809656e+02  3.135729e+00  -1.745329e+00  1.548498e+00  1.230000e+02
0.000000e+00  -1.389578e+01  8.310780e+02  3.813635e+02  3.135729e+00  -1.745329e+00  1.548498e+00  1.230000e+02
0.000000e+00  -1.372081e+01  8.310780e+02  3.817300e+02  3.135729e+00  -1.745329e+00  1.548498e+00  1.230000e+02
0.000000e+00  -1.368017e+01  8.310780e+02  3.820588e+02  3.135729e+00  -1.745329e+00  1.548498e+00  1.230000e+02
0.000000e+00  -1.378735e+01  8.310780e+02  3.823432e+02  3.135729e+00  -1.745329e+00  1.548498e+00  1.230000e+02
0.000000e+00  -1.405498e+01  8.310780e+02  3.825762e+02  3.135729e+00  -1.745329e+00  1.548498e+00  1.230000e+02
0.000000e+00  -1.449474e+01  8.310780e+02  3.827506e+02  3.135729e+00  -1.745329e+00  1.548498e+00  1.230000e+02
0.000000e+00  -1.511733e+01  8.310780e+02  3.828596e+02  3.135729e+00  -1.745329e+00  1.548498e+00  1.230000e+02
0.000000e+00  -1.593238e+01  8.310780e+02  3.828963e+02  3.135729e+00  -1.745329e+00  1.548498e+00  1.230000e+02
0.000000e+00  -1.694849e+01  8.310780e+02  3.828543e+02  3.135729e+00  -1.745329e+00  1.548498e+00  1.230000e+02
0.000000e+00  -1.817312e+01  8.310780e+02  3.827280e+02  3.135729e+00  -1.745329e+00  1.548498e+00  1.230000e+02
0.000000e+00  -1.961267e+01  8.310780e+02  3.825124e+02  3.135729e+00  -1.745329e+00  1.548498e+00  1.230000e+02
0.000000e+00  -2.127243e+01  8.310780e+02  3.822038e+02  3.135729e+00  -1.745329e+00  1.548498e+00  1.230000e+02
0.000000e+00  -2.315662e+01  8.310780e+02  3.817991e+02  3.135729e+00  -1.745329e+00  1.548498e+00  1.230000e+02
0.000000e+00  -2.526845e+01  8.310780e+02  3.812971e+02  3.135729e+00  -1.745329e+00  1.548498e+00  1.230000e+02
0.000000e+00  -2.761012e+01  8.310780e+02  3.806974e+02  3.135729e+00  -1.745329e+00  1.548498e+00  1.230000e+02
0.000000e+00  -3.018289e+01  8.310780e+02  3.800013e+02  3.135729e+00  -1.745329e+00  1.548498e+00  1.230000e+02
0.000000e+00  -3.298713e+01  8.310780e+02  3.792116e+02  3.135729e+00  -1.745329e+00  1.548498e+00  1.230000e+02
0.000000e+00  -3.602240e+01  8.310780e+02  3.783326e+02  3.135729e+00  -1.745329e+00  1.548498e+00  1.230000e+02
0.000000e+00  -3.928748e+01  8.310780e+02  3.773700e+02  3.135729e+00  -1.745329e+00  1.548498e+00  1.230000e+02
0.000000e+00  -4.278040e+01  8.310780e+02  3.763309e+02  3.135729e+00  -1.745329e+00  1.548498e+00  1.230000e+02
0.000000e+00  -4.649854e+01  8.310780e+02  3.752240e+02  3.135729e+00  -1.745329e+00  1.548498e+00  1.230000e+02
0.000000e+00  -5.043861e+01  8.310780e+02  3.740589e+02  3.135729e+00  -1.745329e+00  1.548498e+00  1.230000e+02
0.000000e+00  -5.459669e+01  8.310780e+02  3.728466e+02  3.135729e+00  -1.745329e+00  1.548498e+00  1.230000e+02
0.000000e+00  -5.896824e+01  8.310780e+02  3.715990e+02  3.135729e+00  -1.745329e+00  1.548498e+00  1.230000e+02
0.000000e+00  -6.354807e+01  8.310780e+02  3.703287e+02  3.135729e+00  -1.745329e+00  1.548498e+00  1.230000e+02
0.000000e+00  -6.833036e+01  8.310780e+02  3.690491e+02  3.135729e+00  -1.745329e+00  1.548498e+00  1.230000e+02
0.000000e+00  -7.330857e+01  8.310780e+02  3.677739e+02  3.135729e+00  -1.745329e+00  1.548498e+00  1.230000e+02
0.000000e+00  -7.847549e+01  8.310780e+02  3.665170e+02  3.135729e+00  -1.745329e+00  1.548498e+00  1.230000e+02
0.000000e+00  -8.382308e+01  8.310780e+02  3.652925e+02  3.135729e+00  -1.745329e+00  1.548498e+00  1.230000e+02
0.000000e+00  -8.934254e+01  8.310780e+02  3.641140e+02  3.135729e+00  -1.745329e+00  1.548498e+00  1.230000e+02
0.000000e+00  -9.502416e+01  8.310780e+02  3.629952e+02  3.135729e+00  -1.745329e+00  1.548498e+00  1.230000e+02
0.000000e+00  -1.008574e+02  8.310780e+02  3.619489e+02  3.135729e+00  -1.745329e+00  1.548498e+00  1.230000e+02
0.000000e+00  -1.068306e+02  8.310780e+02  3.609874e+02  3.135729e+00  -1.745329e+00  1.548498e+00  1.230000e+02
0.000000e+00  -1.129315e+02  8.310780e+02  3.601222e+02  3.135729e+00  -1.745329e+00  1.548498e+00  1.230000e+02
0.000000e+00  -1.191464e+02  8.310780e+02  3.593636e+02  3.135729e+00  -1.745329e+00  1.548498e+00  1.230000e+02
0.000000e+00  -1.254612e+02  8.310780e+02  3.587213e+02  3.135729e+00  -1.745329e+00  1.548498e+00  1.230000e+02
0.000000e+00  -1.318604e+02  8.310780e+02  3.582034e+02  3.135729e+00  -1.745329e+00  1.548498e+00  1.230000e+02
0.000000e+00  -1.383280e+02  8.310780e+02  3.578171e+02  3.135729e+00  -1.745329e+00  1.548498e+00  1.230000e+02
0.000000e+00  -1.448470e+02  8.310780e+02  3.575682e+02  3.135729e+00  -1.745329e+00  1.548498e+00  1.230000e+02
0.000000e+00  -1.513998e+02  8.310780e+02  3.574613e+02  3.135729e+00  -1.745329e+00  1.548498e+00  1.230000e+02
0.000000e+00  -1.579683e+02  8.310780e+02  3.574997e+02  3.135729e+00  -1.745329e+00  1.548498e+00  1.230000e+02
0.000000e+00  -1.645339e+02  8.310780e+02  3.576855e+02  3.135729e+00  -1.745329e+00  1.548498e+00  1.230000e+02
0.000000e+00  -1.710775e+02  8.310780e+02  3.580196e+02  3.135729e+00  -1.745329e+00  1.548498e+00  1.230000e+02
0.000000e+00  -1.775802e+02  8.310780e+02  3.585015e+02  3.135729e+00  -1.745329e+00  1.548498e+00  1.230000e+02
0.000000e+00  -1.840229e+02  8.310780e+02  3.591297e+02  3.135729e+00  -1.745329e+00  1.548498e+00  1.230000e+02
0.000000e+00  -1.903867e+02  8.310780e+02  3.599018e+02  3.135729e+00  -1.745329e+00  1.548498e+00  1.230000e+02
0.000000e+00  -1.966530e+02  8.310780e+02  3.608140e+02  3.135729e+00  -1.745329e+00  1.548498e+00  1.230000e+02
0.000000e+00  -2.028038e+02  8.310780e+02  3.618619e+02  3.135729e+00  -1.745329e+00  1.548498e+00  1.230000e+02
0.000000e+00  -2.088217e+02  8.310780e+02  3.630401e+02  3.135729e+00  -1.745329e+00  1.548498e+00  1.230000e+02
0.000000e+00  -2.146901e+02  8.310780e+02  3.643423e+02  3.135729e+00  -1.745329e+00  1.548498e+00  1.230000e+02
0.000000e+00  -2.203933e+02  8.310780e+02  3.657617e+02  3.135729e+00  -1.745329e+00  1.548498e+00  1.230000e+02
0.000000e+00  -2.259169e+02  8.310780e+02  3.672907e+02  3.135729e+00  -1.745329e+00  1.548498e+00  1.230000e+02
0.000000e+00  -2.312475e+02  8.310780e+02  3.689213e+02  3.135729e+00  -1.745329e+00  1.548498e+00  1.230000e+02
0.000000e+00  -2.363730e+02  8.310780e+02  3.706451e+02  3.135729e+00  -1.745329e+00  1.548498e+00  1.230000e+02
0.000000e+00  -2.412829e+02  8.310780e+02  3.724530e+02  3.135729e+00  -1.745329e+00  1.548498e+00  1.230000e+02
0.000000e+00  -2.459681e+02  8.310780e+02  3.743359e+02  3.135729e+00  -1.745329e+00  1.548498e+00  1.230000e+02
0.000000e+00  -2.504208e+02  8.310780e+02  3.762843e+02  3.135729e+00  -1.745329e+00  1.548498e+00  1.230000e+02
0.000000e+00  -2.546351e+02  8.310780e+02  3.782887e+02  3.135729e+00  -1.745329e+00  1.548498e+00  1.230000e+02
0.000000e+00  -2.586064e+02  8.310780e+02  3.803394e+02  3.135729e+00  -1.745329e+00  1.548498e+00  1.230000e+02
0.000000e+00  -2.623318e+02  8.310780e+02  3.824267e+02  3.135729e+00  -1.745329e+00  1.548498e+00  1.230000e+02
0.000000e+00  -2.658099e+02  8.310780e+02  3.845410e+02  3.135729e+00  -1.745329e+00  1.548498e+00  1.230000e+02
0.000000e+00  -2.690407e+02  8.310780e+02  3.866726e+02  3.135729e+00  -1.745329e+00  1.548498e+00  1.230000e+02
0.000000e+00  -2.720256e+02  8.310780e+02  3.888122e+02  3.135729e+00  -1.745329e+00  1.548498e+00  1.230000e+02
0.000000e+00  -2.747675e+02  8.310780e+02  3.909506e+02  3.135729e+00  -1.745329e+00  1.548498e+00  1.230000e+02
0.000000e+00  -2.772701e+02  8.310780e+02  3.930787e+02  3.135729e+00  -1.745329e+00  1.548498e+00  1.230000e+02
0.000000e+00  -2.795385e+02  8.310780e+02  3.951878e+02  3.135729e+00  -1.745329e+00  1.548498e+00  1.230000e+02
0.000000e+00  -2.815785e+02  8.310780e+02  3.972695e+02  3.135729e+00  -1.745329e+00  1.548498e+00  1.230000e+02
0.000000e+00  -2.833967e+02  8.310780e+02  3.993155e+02  3.135729e+00  -1.745329e+00  1.548498e+00  1.230000e+02
0.000000e+00  -2.849999e+02  8.310780e+02  4.013180e+02  3.135729e+00  -1.745329e+00  1.548498e+00  1.230000e+02
0.000000e+00  -2.863958e+02  8.310780e+02  4.032695e+02  3.135729e+00  -1.745329e+00  1.548498e+00  1.230000e+02
0.000000e+00  -2.875917e+02  8.310780e+02  4.051626e+02  3.135729e+00  -1.745329e+00  1.548498e+00  1.230000e+02
0.000000e+00  -2.885951e+02  8.310780e+02  4.069905e+02  3.135729e+00  -1.745329e+00  1.548498e+00  1.230000e+02
0.000000e+00  -2.894132e+02  8.310780e+02  4.087463e+02  3.135729e+00  -1.745329e+00  1.548498e+00  1.230000e+02
0.000000e+00  -2.900528e+02  8.310780e+02  4.104237e+02  3.135729e+00  -1.745329e+00  1.548498e+00  1.230000e+02
0.000000e+00  -2.905199e+02  8.310780e+02  4.120163e+02  3.135729e+00  -1.745329e+00  1.548498e+00  1.230000e+02
0.000000e+00  -2.908199e+02  8.310780e+02  4.135181e+02  3.135729e+00  -1.745329e+00  1.548498e+00  1.230000e+02
0.000000e+00  -2.909573e+02  8.310780e+02  4.149232e+02  3.135729e+00  -1.745329e+00  1.548498e+00  1.230000e+02
0.000000e+00  -2.909355e+02  8.310780e+02  4.162259e+02  3.135729e+00  -1.745329e+00  1.548498e+00  1.230000e+02
0.000000e+00  -2.907569e+02  8.310780e+02  4.174206e+02  3.135729e+00  -1.745329e+00  1.548498e+00  1.230000e+02
0.000000e+00  -2.904227e+02  8.310780e+02  4.185019e+02  3.135729e+00  -1.745329e+00  1.548498e+00  1.230000e+02
0.000000e+00  -2.899329e+02  8.310780e+02  4.194645e+02  3.135729e+00  -1.745329e+00  1.548498e+00  1.230000e+02
0.000000e+00  -2.892867e+02  8.310780e+02  4.203034e+02  3.135729e+00  -1.745329e+00  1.548498e+00  1.230000e+02
0.000000e+00  -2.884819e+02  8.310780e+02  4.210135e+02  3.135729e+00  -1.745329e+00  1.548498e+00  1.230000e+02
0.000000e+00  -2.875153e+02  8.310780e+02  4.215902e+02  3.135729e+00  -1.745329e+00  1.548498e+00  1.230000e+02
0.000000e+00  -2.863831e+02  8.310780e+02  4.220292e+02  3.135729e+00  -1.745329e+00  1.548498e+00  1.230000e+02
0.000000e+00  -2.850806e+02  8.310780e+02  4.223267e+02  3.135729e+00  -1.745329e+00  1.548498e+00  1.230000e+02
0.000000e+00  -2.836024e+02  8.310780e+02  4.224790e+02  3.135729e+00  -1.745329e+00  1.548498e+00  1.230000e+02
0.000000e+00  -2.819429e+02  8.310780e+02  4.224833e+02  3.135729e+00  -1.745329e+00  1.548498e+00  1.230000e+02
0.000000e+00  -2.800962e+02  8.310780e+02  4.223375e+02  3.135729e+00  -1.745329e+00  1.548498e+00  1.230000e+02
0.000000e+00  -2.780563e+02  8.310780e+02  4.220402e+02  3.135729e+00  -1.745329e+00  1.548498e+00  1.230000e+02
0.000000e+00  -2.758174e+02  8.310780e+02  4.215909e+02  3.135729e+00  -1.745329e+00  1.548498e+00  1.230000e+02
0.000000e+00  -2.733740e+02  8.310780e+02  4.209903e+02  3.135729e+00  -1.745329e+00  1.548498e+00  1.230000e+02
0.000000e+00  -2.707212e+02  8.310780e+02  4.202400e+02  3.135729e+00  -1.745329e+00  1.548498e+00  1.230000e+02
0.000000e+00  -2.678545e+02  8.310780e+02  4.193432e+02  3.135729e+00  -1.745329e+00  1.548498e+00  1.230000e+02
0.000000e+00  -2.647706e+02  8.310780e+02  4.183042e+02  3.135729e+00  -1.745329e+00  1.548498e+00  1.230000e+02
0.000000e+00  -2.614666e+02  8.310780e+02  4.171289e+02  3.135729e+00  -1.745329e+00  1.548498e+00  1.230000e+02
0.000000e+00  -2.579411e+02  8.310780e+02  4.158247e+02  3.135729e+00  -1.745329e+00  1.548498e+00  1.230000e+02
0.000000e+00  -2.541934e+02  8.310780e+02  4.144003e+02  3.135729e+00  -1.745329e+00  1.548498e+00  1.230000e+02
0.000000e+00  -2.502241e+02  8.310780e+02  4.128662e+02  3.135729e+00  -1.745329e+00  1.548498e+00  1.230000e+02
0.000000e+00  -2.460350e+02  8.310780e+02  4.112342e+02  3.135729e+00  -1.745329e+00  1.548498e+00  1.230000e+02
0.000000e+00  -2.416289e+02  8.310780e+02  4.095177e+02  3.135729e+00  -1.745329e+00  1.548498e+00  1.230000e+02
0.000000e+00  -2.370100e+02  8.310780e+02  4.077313e+02  3.135729e+00  -1.745329e+00  1.548498e+00  1.230000e+02
0.000000e+00  -2.321833e+02  8.310780e+02  4.058909e+02  3.135729e+00  -1.745329e+00  1.548498e+00  1.230000e+02
0.000000e+00  -2.271553e+02  8.310780e+02  4.040136e+02  3.135729e+00  -1.745329e+00  1.548498e+00  1.230000e+02
0.000000e+00  -2.219331e+02  8.310780e+02  4.021171e+02  3.135729e+00  -1.745329e+00  1.548498e+00  1.230000e+02
0.000000e+00  -2.165252e+02  8.310780e+02  4.002200e+02  3.135729e+00  -1.745329e+00  1.548498e+00  1.230000e+02
0.000000e+00  -2.109408e+02  8.310780e+02  3.983414e+02  3.135729e+00  -1.745329e+00  1.548498e+00  1.230000e+02
0.000000e+00  -2.051901e+02  8.310780e+02  3.965005e+02  3.135729e+00  -1.745329e+00  1.548498e+00  1.230000e+02
0.000000e+00  -1.992840e+02  8.310780e+02  3.947165e+02  3.135729e+00  -1.745329e+00  1.548498e+00  1.230000e+02
0.000000e+00  -1.932344e+02  8.310780e+02  3.930084e+02  3.135729e+00  -1.745329e+00  1.548498e+00  1.230000e+02
0.000000e+00  -1.870535e+02  8.310780e+02  3.913944e+02  3.135729e+00  -1.745329e+00  1.548498e+00  1.230000e+02
0.000000e+00  -1.807546e+02  8.310780e+02  3.898921e+02  3.135729e+00  -1.745329e+00  1.548498e+00  1.230000e+02
0.000000e+00  -1.743512e+02  8.310780e+02  3.885181e+02  3.135729e+00  -1.745329e+00  1.548498e+00  1.230000e+02
0.000000e+00  -1.678576e+02  8.310780e+02  3.872875e+02  3.135729e+00  -1.745329e+00  1.548498e+00  1.230000e+02
0.000000e+00  -1.612883e+02  8.310780e+02  3.862139e+02  3.135729e+00  -1.745329e+00  1.548498e+00  1.230000e+02
0.000000e+00  -1.546584e+02  8.310780e+02  3.853094e+02  3.135729e+00  -1.745329e+00  1.548498e+00  1.230000e+02
0.000000e+00  -1.479832e+02  8.310780e+02  3.845842e+02  3.135729e+00  -1.745329e+00  1.548498e+00  1.230000e+02
0.000000e+00  -1.412782e+02  8.310780e+02  3.840465e+02  3.135729e+00  -1.745329e+00  1.548498e+00  1.230000e+02
0.000000e+00  -1.345592e+02  8.310780e+02  3.837023e+02  3.135729e+00  -1.745329e+00  1.548498e+00  1.230000e+02
0.000000e+00  -1.278420e+02  8.310780e+02  3.835557e+02  3.135729e+00  -1.745329e+00  1.548498e+00  1.230000e+02
0.000000e+00  -1.211424e+02  8.310780e+02  3.836086e+02  3.135729e+00  -1.745329e+00  1.548498e+00  1.230000e+02
0.000000e+00  -1.144762e+02  8.310780e+02  3.838605e+02  3.135729e+00  -1.745329e+00  1.548498e+00  1.230000e+02
0.000000e+00  -1.078590e+02  8.310780e+02  3.843092e+02  3.135729e+00  -1.745329e+00  1.548498e+00  1.230000e+02
0.000000e+00  -1.013061e+02  8.310780e+02  3.849501e+02  3.135729e+00  -1.745329e+00  1.548498e+00  1.230000e+02
0.000000e+00  -9.483260e+01  8.310780e+02  3.857768e+02  3.135729e+00  -1.745329e+00  1.548498e+00  1.230000e+02
0.000000e+00  -8.845301e+01  8.310780e+02  3.867808e+02  3.135729e+00  -1.745329e+00  1.548498e+00  1.230000e+02
0.000000e+00  -8.218152e+01  8.310780e+02  3.879520e+02  3.135729e+00  -1.745329e+00  1.548498e+00  1.230000e+02
0.000000e+00  -7.603172e+01  8.310780e+02  3.892786e+02  3.135729e+00  -1.745329e+00  1.548498e+00  1.230000e+02
0.000000e+00  -7.001660e+01  8.310780e+02  3.907471e+02  3.135729e+00  -1.745329e+00  1.548498e+00  1.230000e+02
0.000000e+00  -6.414852e+01  8.310780e+02  3.923429e+02  3.135729e+00  -1.745329e+00  1.548498e+00  1.230000e+02
0.000000e+00  -5.843911e+01  8.310780e+02  3.940498e+02  3.135729e+00  -1.745329e+00  1.548498e+00  1.230000e+02
0.000000e+00  -5.289929e+01  8.310780e+02  3.958506e+02  3.135729e+00  -1.745329e+00  1.548498e+00  1.230000e+02
0.000000e+00  -4.753924e+01  8.310780e+02  3.977268e+02  3.135729e+00  -1.745329e+00  1.548498e+00  1.230000e+02
0.000000e+00  -4.236835e+01  8.310780e+02  3.996593e+02  3.135729e+00  -1.745329e+00  1.548498e+00  1.230000e+02
0.000000e+00  -3.739525e+01  8.310780e+02  4.016279e+02  3.135729e+00  -1.745329e+00  1.548498e+00  1.230000e+02
0.000000e+00  -3.262781e+01  8.310780e+02  4.036116e+02  3.135729e+00  -1.745329e+00  1.548498e+00  1.230000e+02
0.000000e+00  -2.807311e+01  8.310780e+02  4.055888e+02  3.135729e+00  -1.745329e+00  1.548498e+00  1.230000e+02
0.000000e+00  -2.373750e+01  8.310780e+02  4.075374e+02  3.135729e+00  -1.745329e+00  1.548498e+00  1.230000e+02
0.000000e+00  -1.962659e+01  8.310780e+02  4.094345e+02  3.135729e+00  -1.745329e+00  1.548498e+00  1.230000e+02
0.000000e+00  -1.574528e+01  8.310780e+02  4.112570e+02  3.135729e+00  -1.745329e+00  1.548498e+00  1.230000e+02
0.000000e+00  -1.209778e+01  8.310780e+02  4.129815e+02  3.135729e+00  -1.745329e+00  1.548498e+00  1.230000e+02
0.000000e+00  -8.687651e+00  8.310780e+02  4.145842e+02  3.135729e+00  -1.745329e+00  1.548498e+00  1.230000e+02
0.000000e+00  -5.517839e+00  8.310780e+02  4.160414e+02  3.135729e+00  -1.745329e+00  1.548498e+00  1.230000e+02
0.000000e+00  -2.590706e+00  8.310780e+02  4.173294e+02  3.135729e+00  -1.745329e+00  1.548498e+00  1.230000e+02
0.000000e+00  9.191770e-02  8.310780e+02  4.184247e+02  3.135729e+00  -1.745329e+00  1.548498e+00  1.230000e+02
0.000000e+00  2.528687e+00  8.310780e+02  4.193045e+02  3.135729e+00  -1.745329e+00  1.548498e+00  1.230000e+02
0.000000e+00  4.718681e+00  8.310780e+02  4.199461e+02  3.135729e+00  -1.745329e+00  1.548498e+00  1.230000e+02
0.000000e+00  6.661340e+00  8.310780e+02  4.203283e+02  3.135729e+00  -1.745329e+00  1.548498e+00  1.230000e+02
0.000000e+00  8.356388e+00  8.310780e+02  4.204305e+02  3.135729e+00  -1.745329e+00  1.548498e+00  1.230000e+02
0.000000e+00  9.803748e+00  8.310780e+02  4.202337e+02  3.135729e+00  -1.745329e+00  1.548498e+00  1.230000e+02
0.000000e+00  1.100345e+01  8.310780e+02  4.197206e+02  3.135729e+00  -1.745329e+00  1.548498e+00  1.230000e+02
0.000000e+00  1.195552e+01  8.310780e+02  4.188754e+02  3.135729e+00  -1.745329e+00  1.548498e+00  1.230000e+02
0.000000e+00  1.265988e+01  8.310780e+02  4.176849e+02  3.135729e+00  -1.745329e+00  1.548498e+00  1.230000e+02
0.000000e+00  1.311623e+01  8.310780e+02  4.161379e+02  3.135729e+00  -1.745329e+00  1.548498e+00  1.230000e+02
0.000000e+00  1.332389e+01  8.310780e+02  4.142258e+02  3.135729e+00  -1.745329e+00  1.548498e+00  1.230000e+02
0.000000e+00  1.328175e+01  8.310780e+02  4.119428e+02  3.135729e+00  -1.745329e+00  1.548498e+00  1.230000e+02
0.000000e+00  1.298807e+01  8.310780e+02  4.092859e+02  3.135729e+00  -1.745329e+00  1.548498e+00  1.230000e+02
0.000000e+00  1.244044e+01  8.310780e+02  4.062553e+02  3.135729e+00  -1.745329e+00  1.548498e+00  1.230000e+02
0.000000e+00  1.163566e+01  8.310780e+02  4.028538e+02  3.135729e+00  -1.745329e+00  1.548498e+00  1.230000e+02
0.000000e+00  1.056967e+01  8.310780e+02  3.990877e+02  3.135729e+00  -1.745329e+00  1.548498e+00  1.230000e+02
0.000000e+00  9.237494e+00  8.310780e+02  3.949660e+02  3.135729e+00  -1.745329e+00  1.548498e+00  1.230000e+02
0.000000e+00  7.633277e+00  8.310780e+02  3.905008e+02  3.135729e+00  -1.745329e+00  1.548498e+00  1.230000e+02
0.000000e+00  5.750275e+00  8.310780e+02  3.857071e+02  3.135729e+00  -1.745329e+00  1.548498e+00  1.230000e+02
0.000000e+00  3.580947e+00  8.310780e+02  3.806026e+02  3.135729e+00  -1.745329e+00  1.548498e+00  1.230000e+02
0.000000e+00  1.117078e+00  8.310780e+02  3.752074e+02  3.135729e+00  -1.745329e+00  1.548498e+00  1.230000e+02
0.000000e+00  -1.650047e+00  8.310780e+02  3.695441e+02  3.135729e+00  -1.745329e+00  1.548498e+00  1.230000e+02
0.000000e+00  -4.729423e+00  8.310780e+02  3.636374e+02  3.135729e+00  -1.745329e+00  1.548498e+00  1.230000e+02
0.000000e+00  -8.130048e+00  8.310780e+02  3.575138e+02  3.135729e+00  -1.745329e+00  1.548498e+00  1.230000e+02
0.000000e+00  -1.186061e+01  8.310780e+02  3.512016e+02  3.135729e+00  -1.745329e+00  1.548498e+00  1.230000e+02
0.000000e+00  -1.592914e+01  8.310780e+02  3.447304e+02  3.135729e+00  -1.745329e+00  1.548498e+00  1.230000e+02
0.000000e+00  -2.034261e+01  8.310780e+02  3.381313e+02  3.135729e+00  -1.745329e+00  1.548498e+00  1.230000e+02
0.000000e+00  -2.510652e+01  8.310780e+02  3.314360e+02  3.135729e+00  -1.745329e+00  1.548498e+00  1.230000e+02
0.000000e+00  -3.022451e+01  8.310780e+02  3.246773e+02  3.135729e+00  -1.745329e+00  1.548498e+00  1.230000e+02
0.000000e+00  -3.569790e+01  8.310780e+02  3.178886e+02  3.135729e+00  -1.745329e+00  1.548498e+00  1.230000e+02
0.000000e+00  -4.152531e+01  8.310780e+02  3.111036e+02  3.135729e+00  -1.745329e+00  1.548498e+00  1.230000e+02
0.000000e+00  -4.770226e+01  8.310780e+02  3.043563e+02  3.135729e+00  -1.745329e+00  1.548498e+00  1.230000e+02
0.000000e+00  -5.422084e+01  8.310780e+02  2.976809e+02  3.135729e+00  -1.745329e+00  1.548498e+00  1.230000e+02
0.000000e+00  -6.106940e+01  8.310780e+02  2.911118e+02  3.135729e+00  -1.745329e+00  1.548498e+00  1.230000e+02
0.000000e+00  -6.823236e+01  8.310780e+02  2.846831e+02  3.135729e+00  -1.745329e+00  1.548498e+00  1.230000e+02
0.000000e+00  -7.569001e+01  8.310780e+02  2.784286e+02  3.135729e+00  -1.745329e+00  1.548498e+00  1.230000e+02
0.000000e+00  -8.341845e+01  8.310780e+02  2.723819e+02  3.135729e+00  -1.745329e+00  1.548498e+00  1.230000e+02
0.000000e+00  -9.138964e+01  8.310780e+02  2.665762e+02  3.135729e+00  -1.745329e+00  1.548498e+00  1.230000e+02
0.000000e+00  -9.957143e+01  8.310780e+02  2.610440e+02  3.135729e+00  -1.745329e+00  1.548498e+00  1.230000e+02
0.000000e+00  -1.079278e+02  8.310780e+02  2.558169e+02  3.135729e+00  -1.745329e+00  1.548498e+00  1.230000e+02
0.000000e+00  -1.164193e+02  8.310780e+02  2.509259e+02  3.135729e+00  -1.745329e+00  1.548498e+00  1.230000e+02
0.000000e+00  -1.250031e+02  8.310780e+02  2.464007e+02  3.135729e+00  -1.745329e+00  1.548498e+00  1.230000e+02
0.000000e+00  -1.336338e+02  8.310780e+02  2.422696e+02  3.135729e+00  -1.745329e+00  1.548498e+00  1.230000e+02
0.000000e+00  -1.422636e+02  8.310780e+02  2.385596e+02  3.135729e+00  -1.745329e+00  1.548498e+00  1.230000e+02
0.000000e+00  -1.508434e+02  8.310780e+02  2.352956e+02  3.135729e+00  -1.745329e+00  1.548498e+00  1.230000e+02
0.000000e+00  -1.593231e+02  8.310780e+02  2.325008e+02  3.135729e+00  -1.745329e+00  1.548498e+00  1.230000e+02
0.000000e+00  -1.676523e+02  8.310780e+02  2.301958e+02  3.135729e+00  -1.745329e+00  1.548498e+00  1.230000e+02
0.000000e+00  -1.757813e+02  8.310780e+02  2.283988e+02  3.135729e+00  -1.745329e+00  1.548498e+00  1.230000e+02
0.000000e+00  -1.836615e+02  8.310780e+02  2.271250e+02  3.135729e+00  -1.745329e+00  1.548498e+00  1.230000e+02
0.000000e+00  -1.912464e+02  8.310780e+02  2.263866e+02  3.135729e+00  -1.745329e+00  1.548498e+00  1.230000e+02
0.000000e+00  -1.984923e+02  8.310780e+02  2.261923e+02  3.135729e+00  -1.754713e+00  1.548498e+00  1.230000e+02
0.000000e+00  -2.053588e+02  8.310780e+02  2.265473e+02  3.135729e+00  -1.764096e+00  1.548498e+00  1.230000e+02
0.000000e+00  -2.118096e+02  8.310780e+02  2.274529e+02  3.135729e+00  -1.773480e+00  1.548498e+00  1.230000e+02
0.000000e+00  -2.178131e+02  8.310780e+02  2.289066e+02  3.135729e+00  -1.782863e+00  1.548498e+00  1.230000e+02
0.000000e+00  -2.233426e+02  8.310780e+02  2.309017e+02  3.135729e+00  -1.792247e+00  1.548498e+00  1.230000e+02
0.000000e+00  -2.283771e+02  8.310780e+02  2.334275e+02  3.135729e+00  -1.801630e+00  1.548498e+00  1.230000e+02
0.000000e+00  -2.329013e+02  8.310780e+02  2.364692e+02  3.135729e+00  -1.811014e+00  1.548498e+00  1.230000e+02
0.000000e+00  -2.369061e+02  8.310780e+02  2.400079e+02  3.135729e+00  -1.820397e+00  1.548498e+00  1.230000e+02
0.000000e+00  -2.403883e+02  8.310780e+02  2.440207e+02  3.135729e+00  -1.829781e+00  1.548498e+00  1.230000e+02
0.000000e+00  -2.433507e+02  8.310780e+02  2.484811e+02  3.135729e+00  -1.839164e+00  1.548498e+00  1.230000e+02
0.000000e+00  -2.458025e+02  8.310780e+02  2.533590e+02  3.135729e+00  -1.848548e+00  1.548498e+00  1.230000e+02
0.000000e+00  -2.477581e+02  8.310780e+02  2.586212e+02  3.135729e+00  -1.857931e+00  1.548498e+00  1.230000e+02
0.000000e+00  -2.492376e+02  8.310780e+02  2.642316e+02  3.135729e+00  -1.867315e+00  1.548498e+00  1.230000e+02
0.000000e+00  -2.502657e+02  8.310780e+02  2.701518e+02  3.135729e+00  -1.876698e+00  1.548498e+00  1.230000e+02
0.000000e+00  -2.508717e+02  8.310780e+02  2.763414e+02  3.135729e+00  -1.886082e+00  1.548498e+00  1.230000e+02
0.000000e+00  -2.510885e+02  8.310780e+02  2.827584e+02  3.135729e+00  -1.895465e+00  1.548498e+00  1.230000e+02
0.000000e+00  -2.509520e+02  8.310780e+02  2.893601e+02  3.135729e+00  -1.904849e+00  1.548498e+00  1.230000e+02
0.000000e+00  -2.505004e+02  8.310780e+02  2.961031e+02  3.135729e+00  -1.914232e+00  1.548498e+00  1.230000e+02
0.000000e+00  -2.497733e+02  8.310780e+02  3.029446e+02  3.135729e+00  -1.923616e+00  1.548498e+00  1.230000e+02
0.000000e+00  -2.488112e+02  8.310780e+02  3.098420e+02  3.135729e+00  -1.932999e+00  1.548498e+00  1.230000e+02
0.000000e+00  -2.476542e+02  8.310780e+02  3.167544e+02  3.135729e+00  -1.942383e+00  1.548498e+00  1.230000e+02
0.000000e+00  -2.463415e+02  8.310780e+02  3.236425e+02  3.135729e+00  -1.951766e+00  1.548498e+00  1.230000e+02
0.000000e+00  -2.449107e+02  8.310780e+02  3.304691e+02  3.135729e+00  -1.961150e+00  1.548498e+00  1.230000e+02
0.000000e+00  -2.433969e+02  8.310780e+02  3.372000e+02  3.135729e+00  -1.970533e+00  1.548498e+00  1.230000e+02
0.000000e+00  -2.418320e+02  8.310780e+02  3.438041e+02  3.135729e+00  -1.979917e+00  1.548498e+00  1.230000e+02
0.000000e+00  -2.402443e+02  8.310780e+02  3.502537e+02  3.135729e+00  -1.989300e+00  1.548498e+00  1.230000e+02
0.000000e+00  -2.386579e+02  8.310780e+02  3.565248e+02  3.135729e+00  -1.998683e+00  1.548498e+00  1.230000e+02
0.000000e+00  -2.370922e+02  8.310780e+02  3.625976e+02  3.135729e+00  -2.008067e+00  1.548498e+00  1.230000e+02
0.000000e+00  -2.355619e+02  8.310780e+02  3.684564e+02  3.135729e+00  -2.017450e+00  1.548498e+00  1.230000e+02
0.000000e+00  -2.340766e+02  8.310780e+02  3.740896e+02  3.135729e+00  -2.026834e+00  1.548498e+00  1.230000e+02
0.000000e+00  -2.326406e+02  8.310780e+02  3.794900e+02  3.135729e+00  -2.036217e+00  1.548498e+00  1.230000e+02
0.000000e+00  -2.312535e+02  8.310780e+02  3.846543e+02  3.135729e+00  -2.045601e+00  1.548498e+00  1.230000e+02
0.000000e+00  -2.299098e+02  8.310780e+02  3.895834e+02  3.135729e+00  -2.054984e+00  1.548498e+00  1.230000e+02
0.000000e+00  -2.285997e+02  8.310780e+02  3.942819e+02  3.135729e+00  -2.064368e+00  1.548498e+00  1.230000e+02
0.000000e+00  -2.273091e+02  8.310780e+02  3.987579e+02  3.135729e+00  -2.073751e+00  1.548498e+00  1.230000e+02
0.000000e+00  -2.260202e+02  8.310780e+02  4.030223e+02  3.135729e+00  -2.083135e+00  1.548498e+00  1.230000e+02
0.000000e+00  -2.247124e+02  8.310780e+02  4.070889e+02  3.135729e+00  -2.092518e+00  1.548498e+00  1.230000e+02
0.000000e+00  -2.233626e+02  8.310780e+02  4.109739e+02  3.135729e+00  -2.101902e+00  1.548498e+00  1.230000e+02
0.000000e+00  -2.219459e+02  8.310780e+02  4.146948e+02  3.135729e+00  -2.111285e+00  1.548498e+00  1.230000e+02
0.000000e+00  -2.204367e+02  8.310780e+02  4.182706e+02  3.135729e+00  -2.120669e+00  1.548498e+00  1.230000e+02
0.000000e+00  -2.188091e+02  8.310780e+02  4.217209e+02  3.135729e+00  -2.130052e+00  1.548498e+00  1.230000e+02
0.000000e+00  -2.170379e+02  8.310780e+02  4.250655e+02  3.135729e+00  -2.139436e+00  1.548498e+00  1.230000e+02
0.000000e+00  -2.150991e+02  8.310780e+02  4.283237e+02  3.135729e+00  -2.148819e+00  1.548498e+00  1.230000e+02
0.000000e+00  -2.129710e+02  8.310780e+02  4.315140e+02  3.135729e+00  -2.158203e+00  1.548498e+00  1.230000e+02
0.000000e+00  -2.106342e+02  8.310780e+02  4.346539e+02  3.135729e+00  -2.167586e+00  1.548498e+00  1.230000e+02
0.000000e+00  -2.080731e+02  8.310780e+02  4.377586e+02  3.135729e+00  -2.176970e+00  1.548498e+00  1.230000e+02
0.000000e+00  -2.052756e+02  8.310780e+02  4.408417e+02  3.135729e+00  -2.186353e+00  1.548498e+00  1.230000e+02
0.000000e+00  -2.022338e+02  8.310780e+02  4.439143e+02  3.135729e+00  -2.195737e+00  1.548498e+00  1.230000e+02
0.000000e+00  -1.989446e+02  8.310780e+02  4.469848e+02  3.135729e+00  -2.205120e+00  1.548498e+00  1.230000e+02
0.000000e+00  -1.954093e+02  8.310780e+02  4.500588e+02  3.135729e+00  -2.214504e+00  1.548498e+00  1.230000e+02
0.000000e+00  -1.916344e+02  8.310780e+02  4.531392e+02  3.135729e+00  -2.223887e+00  1.548498e+00  1.230000e+02
0.000000e+00  -1.876309e+02  8.310780e+02  4.562259e+02  3.135729e+00  -2.233271e+00  1.548498e+00  1.230000e+02
0.000000e+00  -1.834148e+02  8.310780e+02  4.593160e+02  3.135729e+00  -2.242654e+00  1.548498e+00  1.230000e+02
0.000000e+00  -1.790061e+02  8.310780e+02  4.624036e+02  3.135729e+00  -2.252038e+00  1.548498e+00  1.230000e+02
0.000000e+00  -1.744295e+02  8.310780e+02  4.654807e+02  3.135729e+00  -2.261421e+00  1.548498e+00  1.230000e+02
0.000000e+00  -1.697129e+02  8.310780e+02  4.685366e+02  3.135729e+00  -2.270805e+00  1.548498e+00  1.230000e+02
0.000000e+00  -1.648878e+02  8.310780e+02  4.715586e+02  3.135729e+00  -2.280188e+00  1.548498e+00  1.230000e+02
0.000000e+00  -1.599880e+02  8.310780e+02  4.745324e+02  3.135729e+00  -2.289572e+00  1.548498e+00  1.230000e+02
0.000000e+00  -1.550495e+02  8.310780e+02  4.774421e+02  3.135729e+00  -2.298955e+00  1.548498e+00  1.230000e+02
0.000000e+00  -1.501098e+02  8.310780e+02  4.802710e+02  3.135729e+00  -2.308339e+00  1.548498e+00  1.230000e+02
0.000000e+00  -1.452068e+02  8.310780e+02  4.830017e+02  3.135729e+00  -2.317722e+00  1.548498e+00  1.230000e+02
0.000000e+00  -1.403786e+02  8.310780e+02  4.856163e+02  3.135729e+00  -2.327106e+00  1.548498e+00  1.230000e+02
0.000000e+00  -1.356627e+02  8.310780e+02  4.880974e+02  3.135729e+00  -2.336489e+00  1.548498e+00  1.230000e+02
0.000000e+00  -1.310952e+02  8.310780e+02  4.904278e+02  3.135729e+00  -2.345873e+00  1.548498e+00  1.230000e+02
0.000000e+00  -1.267104e+02  8.310780e+02  4.925915e+02  3.135729e+00  -2.355256e+00  1.548498e+00  1.230000e+02
0.000000e+00  -1.225400e+02  8.310780e+02  4.945734e+02  3.135729e+00  -2.364640e+00  1.548498e+00  1.230000e+02
0.000000e+00  -1.186131e+02  8.310780e+02  4.963599e+02  3.135729e+00  -2.374023e+00  1.548498e+00  1.230000e+02
0.000000e+00  -1.149551e+02  8.310780e+02  4.979393e+02  3.135729e+00  -2.383407e+00  1.548498e+00  1.230000e+02
0.000000e+00  -1.115879e+02  8.310780e+02  4.993016e+02  3.135729e+00  -2.392790e+00  1.548498e+00  1.230000e+02
0.000000e+00  -1.085293e+02  8.310780e+02  5.004390e+02  3.135729e+00  -2.402174e+00  1.548498e+00  1.230000e+02
0.000000e+00  -1.057931e+02  8.310780e+02  5.013459e+02  3.135729e+00  -2.411557e+00  1.548498e+00  1.230000e+02
0.000000e+00  -1.033886e+02  8.310780e+02  5.020190e+02  3.135729e+00  -2.420941e+00  1.548498e+00  1.230000e+02
0.000000e+00  -1.013211e+02  8.310780e+02  5.024573e+02  3.135729e+00  -2.430324e+00  1.548498e+00  1.230000e+02
0.000000e+00  -9.959150e+01  8.310780e+02  5.026619e+02  3.135729e+00  -2.439708e+00  1.548498e+00  1.230000e+02
0.000000e+00  -9.819673e+01  8.310780e+02  5.026363e+02  3.135729e+00  -2.449091e+00  1.548498e+00  1.230000e+02
0.000000e+00  -9.712976e+01  8.310780e+02  5.023861e+02  3.135729e+00  -2.458475e+00  1.548498e+00  1.230000e+02
0.000000e+00  -9.638001e+01  8.310780e+02  5.019187e+02  3.135729e+00  -2.467858e+00  1.548498e+00  1.230000e+02
0.000000e+00  -9.593356e+01  8.310780e+02  5.012433e+02  3.135729e+00  -2.477242e+00  1.548498e+00  1.230000e+02
0.000000e+00  -9.577358e+01  8.310780e+02  5.003708e+02  3.135729e+00  -2.486625e+00  1.548498e+00  1.230000e+02
0.000000e+00  -9.588067e+01  8.310780e+02  4.993135e+02  3.135729e+00  -2.496009e+00  1.548498e+00  1.230000e+02
0.000000e+00  -9.623333e+01  8.310780e+02  4.980847e+02  3.135729e+00  -2.505392e+00  1.548498e+00  1.230000e+02
0.000000e+00  -9.680834e+01  8.310780e+02  4.966985e+02  3.135729e+00  -2.514775e+00  1.548498e+00  1.230000e+02
0.000000e+00  -9.758119e+01  8.310780e+02  4.951699e+02  3.135729e+00  -2.524159e+00  1.548498e+00  1.230000e+02
0.000000e+00  -9.852659e+01  8.310780e+02  4.935141e+02  3.135729e+00  -2.533542e+00  1.548498e+00  1.230000e+02
0.000000e+00  -9.961878e+01  8.310780e+02  4.917463e+02  3.135729e+00  -2.542926e+00  1.548498e+00  1.230000e+02
0.000000e+00  -1.008320e+02  8.310780e+02  4.898820e+02  3.135729e+00  -2.552309e+00  1.548498e+00  1.230000e+02
0.000000e+00  -1.021409e+02  8.310780e+02  4.879361e+02  3.135729e+00  -2.561693e+00  1.548498e+00  1.230000e+02
0.000000e+00  -1.035207e+02  8.310780e+02  4.859229e+02  3.135729e+00  -2.571076e+00  1.548498e+00  1.230000e+02
0.000000e+00  -1.049477e+02  8.310780e+02  4.838563e+02  3.135729e+00  -2.580460e+00  1.548498e+00  1.230000e+02
0.000000e+00  -1.063995e+02  8.310780e+02  4.817491e+02  3.135729e+00  -2.589843e+00  1.548498e+00  1.230000e+02
0.000000e+00  -1.078552e+02  8.310780e+02  4.796132e+02  3.135729e+00  -2.599227e+00  1.548498e+00  1.230000e+02
0.000000e+00  -1.092955e+02  8.310780e+02  4.774595e+02  3.135729e+00  -2.608610e+00  1.548498e+00  1.230000e+02
0.000000e+00  -1.107029e+02  8.310780e+02  4.752977e+02  3.135729e+00  -2.617994e+00  1.548498e+00  1.230000e+02
0.000000e+00  -1.120621e+02  8.310780e+02  4.731361e+02  3.135729e+00  -2.617994e+00  1.548498e+00  1.230000e+02
0.000000e+00  -1.133594e+02  8.310780e+02  4.709822e+02  3.135729e+00  -2.617994e+00  1.548498e+00  1.230000e+02
0.000000e+00  -1.145834e+02  8.310780e+02  4.688418e+02  3.135729e+00  -2.617994e+00  1.548498e+00  1.230000e+02
0.000000e+00  -1.157245e+02  8.310780e+02  4.667199e+02  3.135729e+00  -2.617994e+00  1.548498e+00  1.230000e+02
0.000000e+00  -1.167752e+02  8.310780e+02  4.646201e+02  3.135729e+00  -2.617994e+00  1.548498e+00  1.230000e+02
0.000000e+00  -1.177299e+02  8.310780e+02  4.625453e+02  3.135729e+00  -2.617994e+00  1.548498e+00  1.230000e+02
0.000000e+00  -1.185847e+02  8.310780e+02  4.604970e+02  3.135729e+00  -2.617994e+00  1.548498e+00  1.230000e+02
0.000000e+00  -1.193374e+02  8.310780e+02  4.584763e+02  3.135729e+00  -2.617994e+00  1.548498e+00  1.230000e+02
0.000000e+00  -1.199874e+02  8.310780e+02  4.564833e+02  3.135729e+00  -2.617994e+00  1.548498e+00  1.230000e+02
0.000000e+00  -1.205355e+02  8.310780e+02  4.545174e+02  3.135729e+00  -2.617994e+00  1.548498e+00  1.230000e+02
0.000000e+00  -1.209838e+02  8.310780e+02  4.525779e+02  3.135729e+00  -2.617994e+00  1.548498e+00  1.230000e+02
0.000000e+00  -1.213353e+02  8.310780e+02  4.506633e+02  3.135729e+00  -2.617994e+00  1.548498e+00  1.230000e+02
0.000000e+00  -1.215943e+02  8.310780e+02  4.487722e+02  3.135729e+00  -2.617994e+00  1.548498e+00  1.230000e+02
0.000000e+00  -1.217655e+02  8.310780e+02  4.469029e+02  3.135729e+00  -2.617994e+00  1.548498e+00  1.230000e+02
0.000000e+00  -1.218545e+02  8.310780e+02  4.450539e+02  3.135729e+00  -2.617994e+00  1.548498e+00  1.230000e+02
0.000000e+00  -1.218674e+02  8.310780e+02  4.432236e+02  3.135729e+00  -2.617994e+00  1.548498e+00  1.230000e+02
0.000000e+00  -1.218106e+02  8.310780e+02  4.414108e+02  3.135729e+00  -2.617994e+00  1.548498e+00  1.230000e+02
0.000000e+00  -1.216907e+02  8.310780e+02  4.396142e+02  3.135729e+00  -2.617994e+00  1.548498e+00  1.230000e+02
0.000000e+00  -1.215145e+02  8.310780e+02  4.378334e+02  3.135729e+00  -2.617994e+00  1.548498e+00  1.230000e+02
0.000000e+00  -1.212887e+02  8.310780e+02  4.360678e+02  3.135729e+00  -2.617994e+00  1.548498e+00  1.230000e+02
0.000000e+00  -1.210199e+02  8.310780e+02  4.343175e+02  3.135729e+00  -2.617994e+00  1.548498e+00  1.230000e+02
0.000000e+00  -1.207148e+02  8.310780e+02  4.325831e+02  3.135729e+00  -2.617994e+00  1.548498e+00  1.230000e+02
0.000000e+00  -1.203796e+02  8.310780e+02  4.308654e+02  3.135729e+00  -2.617994e+00  1.548498e+00  1.230000e+02
0.000000e+00  -1.200202e+02  8.310780e+02  4.291658e+02  3.135729e+00  -2.617994e+00  1.548498e+00  1.230000e+02
0.000000e+00  -1.196424e+02  8.310780e+02  4.274860e+02  3.135729e+00  -2.617994e+00  1.548498e+00  1.230000e+02
0.000000e+00  -1.192513e+02  8.310780e+02  4.258280e+02  3.135729e+00  -2.617994e+00  1.548498e+00  1.230000e+02
0.000000e+00  -1.188520e+02  8.310780e+02  4.241943e+02  3.135729e+00  -2.617994e+00  1.548498e+00  1.230000e+02
0.000000e+00  -1.184487e+02  8.310780e+02  4.225876e+02  3.135729e+00  -2.617994e+00  1.548498e+00  1.230000e+02
0.000000e+00  -1.180456e+02  8.310780e+02  4.210106e+02  3.135729e+00  -2.617994e+00  1.548498e+00  1.230000e+02
0.000000e+00  -1.176462e+02  8.310780e+02  4.194666e+02  3.135729e+00  -2.617994e+00  1.548498e+00  1.230000e+02
0.000000e+00  -1.172536e+02  8.310780e+02  4.179586e+02  3.135729e+00  -2.617994e+00  1.548498e+00  1.230000e+02
0.000000e+00  -1.168708e+02  8.310780e+02  4.164898e+02  3.135729e+00  -2.617994e+00  1.548498e+00  1.230000e+02
0.000000e+00  -1.164999e+02  8.310780e+02  4.150634e+02  3.135729e+00  -2.617994e+00  1.548498e+00  1.230000e+02
0.000000e+00  -1.161430e+02  8.310780e+02  4.136826e+02  3.135729e+00  -2.617994e+00  1.548498e+00  1.230000e+02
0.000000e+00  -1.158016e+02  8.310780e+02  4.123502e+02  3.135729e+00  -2.617994e+00  1.548498e+00  1.230000e+02
0.000000e+00  -1.154771e+02  8.310780e+02  4.110692e+02  3.135729e+00  -2.617994e+00  1.548498e+00  1.230000e+02
0.000000e+00  -1.151704e+02  8.310780e+02  4.098421e+02  3.135729e+00  -2.617994e+00  1.548498e+00  1.230000e+02
0.000000e+00  -1.148821e+02  8.310780e+02  4.086712e+02  3.135729e+00  -2.617994e+00  1.548498e+00  1.230000e+02
0.000000e+00  -1.146128e+02  8.310780e+02  4.075585e+02  3.135729e+00  -2.617994e+00  1.548498e+00  1.230000e+02
0.000000e+00  -1.146128e+02  8.310780e+02  4.075585e+02  3.135729e+00  -2.617994e+00  1.548498e+00  1.230000e+02
0.000000e+00  -1.146128e+02  8.310780e+02  4.075585e+02  3.135729e+00  -2.617994e+00  1.548498e+00  1.230000e+02
0.000000e+00  -1.146128e+02  8.310780e+02  4.075585e+02  3.135729e+00  -2.617994e+00  1.548498e+00  1.230000e+02
0.000000e+00  -1.146128e+02  8.310780e+02  4.075585e+02  3.135729e+00  -2.617994e+00  1.548498e+00  1.230000e+02
0.000000e+00  -1.146128e+02  8.310780e+02  4.075585e+02  3.135729e+00  -2.617994e+00  1.548498e+00  1.230000e+02
0.000000e+00  -1.146128e+02  8.310780e+02  4.075585e+02  3.135729e+00  -2.617994e+00  1.548498e+00  1.230000e+02
0.000000e+00  -1.146128e+02  8.310780e+02  4.075585e+02  3.135729e+00  -2.617994e+00  1.548498e+00  1.230000e+02
0.000000e+00  -1.146128e+02  8.310780e+02  4.075585e+02  3.135729e+00  -2.617994e+00  1.548498e+00  1.230000e+02
0.000000e+00  -1.146128e+02  8.310780e+02  4.075585e+02  3.135729e+00  -2.617994e+00  1.548498e+00  1.230000e+02
0.000000e+00  -1.146128e+02  8.310780e+02  4.075585e+02  3.135729e+00  -2.617994e+00  1.548498e+00  1.230000e+02
0.000000e+00  -1.146128e+02  8.310780e+02  4.075585e+02  3.135729e+00  -2.617994e+00  1.548498e+00  1.230000e+02
0.000000e+00  -1.146128e+02  8.310780e+02  4.075585e+02  3.135729e+00  -2.617994e+00  1.548498e+00  1.230000e+02
0.000000e+00  -1.146128e+02  8.310780e+02  4.075585e+02  3.135729e+00  -2.617994e+00  1.548498e+00  1.230000e+02
0.000000e+00  -1.146128e+02  8.310780e+02  4.075585e+02  3.135729e+00  -2.617994e+00  1.548498e+00  1.230000e+02
0.000000e+00  -1.146128e+02  8.310780e+02  4.075585e+02  3.135729e+00  -2.617994e+00  1.548498e+00  1.230000e+02
0.000000e+00  -1.146128e+02  8.310780e+02  4.075585e+02  3.135729e+00  -2.617994e+00  1.548498e+00  1.230000e+02
0.000000e+00  -1.146128e+02  8.310780e+02  4.075585e+02  3.135729e+00  -2.617994e+00  1.548498e+00  1.230000e+02
0.000000e+00  -1.146128e+02  8.310780e+02  4.075585e+02  3.135729e+00  -2.617994e+00  1.548498e+00  1.230000e+02
0.000000e+00  -1.146128e+02  8.310780e+02  4.075585e+02  3.135729e+00  -2.617994e+00  1.548498e+00  1.230000e+02
0.000000e+00  -1.146128e+02  8.310780e+02  4.075585e+02  3.135729e+00  -2.617994e+00  1.548498e+00  1.230000e+02
0.000000e+00  -1.146128e+02  8.310780e+02  4.075585e+02  3.135729e+00  -2.617994e+00  1.548498e+00  1.230000e+02
0.000000e+00  -1.146128e+02  8.310780e+02  4.075585e+02  3.135729e+00  -2.617994e+00  1.548498e+00  1.230000e+02
0.000000e+00  -1.146128e+02  8.310780e+02  4.075585e+02  3.135729e+00  -2.617994e+00  1.548498e+00  1.230000e+02
0.000000e+00  -1.146128e+02  8.310780e+02  4.075585e+02  3.135729e+00  -2.617994e+00  1.548498e+00  1.230000e+02
0.000000e+00  -1.146128e+02  8.310780e+02  4.075585e+02  3.135729e+00  -2.617994e+00  1.548498e+00  1.230000e+02
0.000000e+00  -1.146128e+02  8.310780e+02  4.075585e+02  3.135729e+00  -2.617994e+00  1.548498e+00  1.230000e+02
0.000000e+00  -1.146128e+02  8.310780e+02  4.075585e+02  3.135729e+00  -2.617994e+00  1.548498e+00  1.230000e+02
0.000000e+00  -1.146128e+02  8.310780e+02  4.075585e+02  3.135729e+00  -2.617994e+00  1.548498e+00  1.230000e+02
0.000000e+00  -1.146128e+02  8.310780e+02  4.075585e+02  3.135729e+00  -2.617994e+00  1.548498e+00  1.230000e+02
0.000000e+00  -1.146128e+02  8.310780e+02  4.075585e+02  3.135729e+00  -2.617994e+00  1.548498e+00  1.230000e+02
0.000000e+00  -1.146128e+02  8.310780e+02  4.075585e+02  3.135729e+00  -2.617994e+00  1.548498e+00  1.230000e+02
0.000000e+00  -1.146128e+02  8.310780e+02  4.075585e+02  3.135729e+00  -2.617994e+00  1.548498e+00  1.230000e+02
0.000000e+00  -1.146128e+02  8.310780e+02  4.075585e+02  3.135729e+00  -2.617994e+00  1.548498e+00  1.230000e+02
0.000000e+00  -1.146128e+02  8.310780e+02  4.075585e+02  3.135729e+00  -2.617994e+00  1.548498e+00  1.230000e+02
0.000000e+00  -1.146128e+02  8.310780e+02  4.075585e+02  3.135729e+00  -2.617994e+00  1.548498e+00  1.230000e+02
0.000000e+00  -1.146128e+02  8.310780e+02  4.075585e+02  3.135729e+00  -2.617994e+00  1.548498e+00  1.230000e+02
0.000000e+00  -1.146128e+02  8.310780e+02  4.075585e+02  3.135729e+00  -2.617994e+00  1.548498e+00  1.230000e+02
0.000000e+00  -1.146128e+02  8.310780e+02  4.075585e+02  3.135729e+00  -2.617994e+00  1.548498e+00  1.230000e+02
0.000000e+00  -1.146128e+02  8.310780e+02  4.075585e+02  3.135729e+00  -2.617994e+00  1.548498e+00  1.230000e+02
0.000000e+00  -1.146128e+02  8.310780e+02  4.075585e+02  3.135729e+00  -2.617994e+00  1.548498e+00  1.230000e+02
0.000000e+00  -1.146128e+02  8.310780e+02  4.075585e+02  3.135729e+00  -2.617994e+00  1.548498e+00  1.230000e+02
0.000000e+00  -1.146128e+02  8.310780e+02  4.075585e+02  3.135729e+00  -2.617994e+00  1.548498e+00  1.230000e+02
0.000000e+00  -1.146128e+02  8.310780e+02  4.075585e+02  3.135729e+00  -2.617994e+00  1.548498e+00  1.230000e+02
0.000000e+00  -1.146128e+02  8.310780e+02  4.075585e+02  3.135729e+00  -2.617994e+00  1.548498e+00  1.230000e+02
0.000000e+00  -1.146128e+02  8.310780e+02  4.075585e+02  3.135729e+00  -2.617994e+00  1.548498e+00  1.230000e+02
0.000000e+00  -1.146128e+02  8.310780e+02  4.075585e+02  3.135729e+00  -2.617994e+00  1.548498e+00  1.230000e+02
0.000000e+00  -1.146128e+02  8.310780e+02  4.075585e+02  3.135729e+00  -2.617994e+00  1.548498e+00  1.230000e+02
0.000000e+00  -1.146128e+02  8.310780e+02  4.075585e+02  3.135729e+00  -2.617994e+00  1.548498e+00  1.230000e+02
0.000000e+00  -1.146128e+02  8.310780e+02  4.075585e+02  3.135729e+00  -2.617994e+00  1.548498e+00  1.230000e+02
0.000000e+00  -1.146128e+02  8.310780e+02  4.075585e+02  3.135729e+00  -2.617994e+00  1.548498e+00  1.230000e+02
0.000000e+00  -1.146128e+02  8.310780e+02  4.075585e+02  3.135729e+00  -2.617994e+00  1.548498e+00  1.230000e+02
0.000000e+00  -1.146128e+02  8.310780e+02  4.075585e+02  3.135729e+00  -2.617994e+00  1.548498e+00  1.230000e+02
0.000000e+00  -1.146128e+02  8.310780e+02  4.075585e+02  3.135729e+00  -2.617994e+00  1.548498e+00  1.230000e+02
0.000000e+00  -1.146128e+02  8.310780e+02  4.075585e+02  3.135729e+00  -2.617994e+00  1.548498e+00  1.230000e+02
0.000000e+00  -1.146128e+02  8.310780e+02  4.075585e+02  3.135729e+00  -2.617994e+00  1.548498e+00  1.230000e+02
0.000000e+00  -1.146128e+02  8.310780e+02  4.075585e+02  3.135729e+00  -2.617994e+00  1.548498e+00  1.230000e+02
0.000000e+00  -1.146128e+02  8.310780e+02  4.075585e+02  3.135729e+00  -2.617994e+00  1.548498e+00  1.230000e+02
0.000000e+00  -1.146128e+02  8.310780e+02  4.075585e+02  3.135729e+00  -2.617994e+00  1.548498e+00  1.230000e+02
0.000000e+00  -1.146128e+02  8.310780e+02  4.075585e+02  3.135729e+00  -2.617994e+00  1.548498e+00  1.230000e+02
0.000000e+00  -1.146128e+02  8.310780e+02  4.075585e+02  3.135729e+00  -2.617994e+00  1.548498e+00  1.230000e+02
0.000000e+00  -1.146128e+02  8.310780e+02  4.075585e+02  3.135729e+00  -2.617994e+00  1.548498e+00  1.230000e+02
0.000000e+00  -1.146128e+02  8.310780e+02  4.075585e+02  3.135729e+00  -2.617994e+00  1.548498e+00  1.230000e+02
0.000000e+00  -1.146128e+02  8.310780e+02  4.075585e+02  3.135729e+00  -2.617994e+00  1.548498e+00  1.230000e+02
0.000000e+00  -1.146128e+02  8.310780e+02  4.075585e+02  3.135729e+00  -2.617994e+00  1.548498e+00  1.230000e+02
0.000000e+00  -1.146128e+02  8.310780e+02  4.075585e+02  3.135729e+00  -2.617994e+00  1.548498e+00  1.230000e+02
0.000000e+00  -1.146128e+02  8.310780e+02  4.075585e+02  3.135729e+00  -2.617994e+00  1.548498e+00  1.230000e+02
0.000000e+00  -1.146128e+02  8.310780e+02  4.075585e+02  3.135729e+00  -2.617994e+00  1.548498e+00  1.230000e+02
0.000000e+00  -1.146128e+02  8.310780e+02  4.075585e+02  3.135729e+00  -2.617994e+00  1.548498e+00  1.230000e+02
0.000000e+00  -1.146128e+02  8.310780e+02  4.075585e+02  3.135729e+00  -2.617994e+00  1.548498e+00  1.230000e+02
0.000000e+00  -1.146128e+02  8.310780e+02  4.075585e+02  3.135729e+00  -2.617994e+00  1.548498e+00  1.230000e+02
0.000000e+00  -1.146128e+02  8.310780e+02  4.075585e+02  3.135729e+00  -2.617994e+00  1.548498e+00  1.230000e+02
0.000000e+00  -1.146128e+02  8.310780e+02  4.075585e+02  3.135729e+00  -2.617994e+00  1.548498e+00  1.230000e+02
0.000000e+00  -1.146128e+02  8.310780e+02  4.075585e+02  3.135729e+00  -2.617994e+00  1.548498e+00  1.230000e+02
0.000000e+00  -1.146128e+02  8.310780e+02  4.075585e+02  3.135729e+00  -2.617994e+00  1.548498e+00  1.230000e+02
0.000000e+00  -1.146128e+02  8.310780e+02  4.075585e+02  3.135729e+00  -2.617994e+00  1.548498e+00  1.230000e+02
0.000000e+00  -1.146128e+02  8.310780e+02  4.075585e+02  3.135729e+00  -2.617994e+00  1.548498e+00  1.230000e+02
0.000000e+00  -1.146128e+02  8.310780e+02  4.075585e+02  3.135729e+00  -2.617994e+00  1.548498e+00  1.230000e+02
0.000000e+00  -1.146128e+02  8.310780e+02  4.075585e+02  3.135729e+00  -2.617994e+00  1.548498e+00  1.230000e+02
0.000000e+00  -1.146128e+02  8.310780e+02  4.075585e+02  3.135729e+00  -2.617994e+00  1.548498e+00  1.230000e+02
0.000000e+00  -1.146128e+02  8.310780e+02  4.075585e+02  3.135729e+00  -2.617994e+00  1.548498e+00  1.230000e+02
0.000000e+00  -1.146128e+02  8.310780e+02  4.075585e+02  3.135729e+00  -2.617994e+00  1.548498e+00  1.230000e+02
0.000000e+00  -1.146128e+02  8.310780e+02  4.075585e+02  3.135729e+00  -2.617994e+00  1.548498e+00  1.230000e+02
0.000000e+00  -1.146128e+02  8.310780e+02  4.075585e+02  3.135729e+00  -2.617994e+00  1.548498e+00  1.230000e+02
0.000000e+00  -1.146128e+02  8.310780e+02  4.075585e+02  3.135729e+00  -2.617994e+00  1.548498e+00  1.230000e+02
0.000000e+00  -1.146128e+02  8.310780e+02  4.075585e+02  3.135729e+00  -2.617994e+00  1.548498e+00  1.230000e+02
0.000000e+00  -1.146128e+02  8.310780e+02  4.075585e+02  3.135729e+00  -2.617994e+00  1.548498e+00  1.230000e+02
0.000000e+00  -1.146128e+02  8.310780e+02  4.075585e+02  3.135729e+00  -2.617994e+00  1.548498e+00  1.230000e+02
0.000000e+00  -1.146128e+02  8.310780e+02  4.075585e+02  3.135729e+00  -2.617994e+00  1.548498e+00  1.230000e+02
0.000000e+00  -1.146128e+02  8.310780e+02  4.075585e+02  3.135729e+00  -2.617994e+00  1.548498e+00  1.230000e+02
0.000000e+00  -1.146128e+02  8.310780e+02  4.075585e+02  3.135729e+00  -2.617994e+00  1.548498e+00  1.230000e+02
0.000000e+00  -1.146128e+02  8.310780e+02  4.075585e+02  3.135729e+00  -2.617994e+00  1.548498e+00  1.230000e+02
0.000000e+00  -1.146128e+02  8.310780e+02  4.075585e+02  3.135729e+00  -2.617994e+00  1.548498e+00  1.230000e+02
0.000000e+00  -1.146128e+02  8.310780e+02  4.075585e+02  3.135729e+00  -2.617994e+00  1.548498e+00  1.230000e+02
0.000000e+00  -1.146128e+02  8.310780e+02  4.075585e+02  3.135729e+00  -2.617994e+00  1.548498e+00  1.230000e+02
0.000000e+00  -1.146128e+02  8.310780e+02  4.075585e+02  3.135729e+00  -2.617994e+00  1.548498e+00  1.230000e+02
0.000000e+00  -1.146128e+02  8.310780e+02  4.075585e+02  3.135729e+00  -2.617994e+00  1.548498e+00  1.230000e+02
0.000000e+00  -1.146128e+02  8.310780e+02  4.075585e+02  3.135729e+00  -2.617994e+00  1.548498e+00  1.230000e+02
0.000000e+00  -1.146128e+02  8.310780e+02  4.075585e+02  3.135729e+00  -2.617994e+00  1.548498e+00  1.230000e+02
0.000000e+00  -1.146128e+02  8.310780e+02  4.075585e+02  3.135729e+00  -2.617994e+00  1.548498e+00  1.230000e+02
0.000000e+00  -1.146128e+02  8.310780e+02  4.075585e+02  3.135729e+00  -2.617994e+00  1.548498e+00  1.230000e+02
0.000000e+00  -1.146128e+02  8.310780e+02  4.075585e+02  3.135729e+00  -2.617994e+00  1.548498e+00  1.230000e+02
0.000000e+00  -1.146128e+02  8.310780e+02  4.075585e+02  3.135729e+00  -2.617994e+00  1.548498e+00  1.230000e+02
0.000000e+00  -1.146128e+02  8.310780e+02  4.075585e+02  3.135729e+00  -2.617994e+00  1.548498e+00  1.230000e+02
0.000000e+00  -1.146128e+02  8.310780e+02  4.075585e+02  3.135729e+00  -2.617994e+00  1.548498e+00  1.230000e+02
0.000000e+00  -1.146128e+02  8.310780e+02  4.075585e+02  3.135729e+00  -2.617994e+00  1.548498e+00  1.230000e+02
0.000000e+00  -1.146128e+02  8.310780e+02  4.075585e+02  3.135729e+00  -2.617994e+00  1.548498e+00  1.230000e+02
0.000000e+00  -1.146128e+02  8.310780e+02  4.075585e+02  3.135729e+00  -2.617994e+00  1.548498e+00  1.230000e+02
0.000000e+00  -1.146128e+02  8.310780e+02  4.075585e+02  3.135729e+00  -2.617994e+00  1.548498e+00  1.230000e+02
0.000000e+00  -1.146128e+02  8.310780e+02  4.075585e+02  3.135729e+00  -2.617994e+00  1.548498e+00  1.230000e+02
0.000000e+00  -1.146128e+02  8.310780e+02  4.075585e+02  3.135729e+00  -2.617994e+00  1.548498e+00  1.230000e+02
0.000000e+00  -1.146128e+02  8.310780e+02  4.075585e+02  3.135729e+00  -2.617994e+00  1.548498e+00  1.230000e+02
0.000000e+00  -1.146128e+02  8.310780e+02  4.075585e+02  3.135729e+00  -2.617994e+00  1.548498e+00  1.230000e+02
0.000000e+00  -1.146128e+02  8.310780e+02  4.075585e+02  3.135729e+00  -2.617994e+00  1.548498e+00  1.230000e+02
0.000000e+00  -1.146128e+02  8.310780e+02  4.075585e+02  3.135729e+00  -2.617994e+00  1.548498e+00  1.230000e+02
0.000000e+00  -1.146128e+02  8.310780e+02  4.075585e+02  3.135729e+00  -2.617994e+00  1.548498e+00  1.230000e+02
0.000000e+00  -1.146128e+02  8.310780e+02  4.075585e+02  3.135729e+00  -2.617994e+00  1.548498e+00  1.230000e+02
0.000000e+00  -1.146128e+02  8.310780e+02  4.075585e+02  3.135729e+00  -2.617994e+00  1.548498e+00  1.230000e+02
0.000000e+00  -1.146128e+02  8.310780e+02  4.075585e+02  3.135729e+00  -2.617994e+00  1.548498e+00  1.230000e+02
0.000000e+00  -1.146128e+02  8.310780e+02  4.075585e+02  3.135729e+00  -2.617994e+00  1.548498e+00  1.230000e+02
0.000000e+00  -1.146128e+02  8.310780e+02  4.075585e+02  3.135729e+00  -2.617994e+00  1.548498e+00  1.230000e+02
0.000000e+00  -1.146128e+02  8.310780e+02  4.075585e+02  3.135729e+00  -2.617994e+00  1.548498e+00  1.230000e+02
0.000000e+00  -1.146128e+02  8.310780e+02  4.075585e+02  3.135729e+00  -2.617994e+00  1.548498e+00  1.230000e+02
0.000000e+00  -1.146128e+02  8.310780e+02  4.075585e+02  3.135729e+00  -2.617994e+00  1.548498e+00  1.230000e+02
0.000000e+00  -1.146128e+02  8.310780e+02  4.075585e+02  3.135729e+00  -2.617994e+00  1.548498e+00  1.230000e+02
0.000000e+00  -1.146128e+02  8.310780e+02  4.075585e+02  3.135729e+00  -2.617994e+00  1.548498e+00  1.230000e+02
0.000000e+00  -1.146128e+02  8.310780e+02  4.075585e+02  3.135729e+00  -2.617994e+00  1.548498e+00  1.230000e+02
0.000000e+00  -1.146128e+02  8.310780e+02  4.075585e+02  3.135729e+00  -2.617994e+00  1.548498e+00  1.230000e+02
0.000000e+00  -1.146128e+02  8.310780e+02  4.075585e+02  3.135729e+00  -2.617994e+00  1.548498e+00  1.230000e+02
0.000000e+00  -1.146128e+02  8.310780e+02  4.075585e+02  3.135729e+00  -2.617994e+00  1.548498e+00  1.230000e+02
0.000000e+00  -1.146128e+02  8.310780e+02  4.075585e+02  3.135729e+00  -2.617994e+00  1.548498e+00  1.230000e+02
0.000000e+00  -1.146128e+02  8.310780e+02  4.075585e+02  3.135729e+00  -2.617994e+00  1.548498e+00  1.230000e+02
0.000000e+00  -1.146128e+02  8.310780e+02  4.075585e+02  3.135729e+00  -2.617994e+00  1.548498e+00  1.230000e+02
0.000000e+00  -1.146128e+02  8.310780e+02  4.075585e+02  3.135729e+00  -2.617994e+00  1.548498e+00  1.230000e+02
0.000000e+00  -1.146128e+02  8.310780e+02  4.075585e+02  3.135729e+00  -2.617994e+00  1.548498e+00  1.230000e+02
0.000000e+00  -1.146128e+02  8.310780e+02  4.075585e+02  3.135729e+00  -2.617994e+00  1.548498e+00  1.230000e+02
0.000000e+00  -1.146128e+02  8.310780e+02  4.075585e+02  3.135729e+00  -2.617994e+00  1.548498e+00  1.230000e+02
0.000000e+00  -1.146128e+02  8.310780e+02  4.075585e+02  3.135729e+00  -2.617994e+00  1.548498e+00  1.230000e+02
0.000000e+00  -1.146128e+02  8.310780e+02  4.075585e+02  3.135729e+00  -2.617994e+00  1.548498e+00  1.230000e+02
0.000000e+00  -1.146128e+02  8.310780e+02  4.075585e+02  3.135729e+00  -2.617994e+00  1.548498e+00  1.230000e+02
0.000000e+00  -1.146128e+02  8.310780e+02  4.075585e+02  3.135729e+00  -2.617994e+00  1.548498e+00  1.230000e+02
0.000000e+00  -1.146128e+02  8.310780e+02  4.075585e+02  3.135729e+00  -2.617994e+00  1.548498e+00  1.230000e+02
0.000000e+00  -1.146128e+02  8.310780e+02  4.075585e+02  3.135729e+00  -2.617994e+00  1.548498e+00  1.230000e+02
0.000000e+00  -1.146128e+02  8.310780e+02  4.075585e+02  3.135729e+00  -2.617994e+00  1.548498e+00  1.230000e+02
0.000000e+00  -1.146128e+02  8.310780e+02  4.075585e+02  3.135729e+00  -2.617994e+00  1.548498e+00  1.230000e+02
0.000000e+00  -1.146128e+02  8.310780e+02  4.075585e+02  3.135729e+00  -2.617994e+00  1.548498e+00  1.230000e+02
0.000000e+00  -1.146128e+02  8.310780e+02  4.075585e+02  3.135729e+00  -2.617994e+00  1.548498e+00  1.230000e+02
0.000000e+00  -1.146128e+02  8.310780e+02  4.075585e+02  3.135729e+00  -2.617994e+00  1.548498e+00  1.230000e+02
0.000000e+00  -1.146128e+02  8.310780e+02  4.075585e+02  3.135729e+00  -2.617994e+00  1.548498e+00  1.230000e+02
0.000000e+00  -1.146128e+02  8.310780e+02  4.075585e+02  3.135729e+00  -2.617994e+00  1.548498e+00  1.230000e+02
0.000000e+00  -1.146128e+02  8.310780e+02  4.075585e+02  3.135729e+00  -2.617994e+00  1.548498e+00  1.230000e+02
0.000000e+00  -1.146128e+02  8.310780e+02  4.075585e+02  3.135729e+00  -2.617994e+00  1.548498e+00  1.230000e+02
0.000000e+00  -1.146128e+02  8.310780e+02  4.075585e+02  3.135729e+00  -2.617994e+00  1.548498e+00  1.230000e+02
0.000000e+00  -1.146128e+02  8.310780e+02  4.075585e+02  3.135729e+00  -2.617994e+00  1.548498e+00  1.230000e+02
0.000000e+00  -1.146128e+02  8.310780e+02  4.075585e+02  3.135729e+00  -2.617994e+00  1.548498e+00  1.230000e+02
0.000000e+00  -1.146128e+02  8.310780e+02  4.075585e+02  3.135729e+00  -2.617994e+00  1.548498e+00  1.230000e+02
0.000000e+00  -1.146128e+02  8.310780e+02  4.075585e+02  3.135729e+00  -2.617994e+00  1.548498e+00  1.230000e+02
0.000000e+00  -1.146128e+02  8.310780e+02  4.075585e+02  3.135729e+00  -2.617994e+00  1.548498e+00  1.230000e+02
0.000000e+00  -1.146128e+02  8.310780e+02  4.075585e+02  3.135729e+00  -2.617994e+00  1.548498e+00  1.230000e+02
0.000000e+00  -1.146128e+02  8.310780e+02  4.075585e+02  3.135729e+00  -2.617994e+00  1.548498e+00  1.230000e+02
0.000000e+00  -1.146128e+02  8.310780e+02  4.075585e+02  3.135729e+00  -2.617994e+00  1.548498e+00  1.230000e+02
0.000000e+00  -1.146128e+02  8.310780e+02  4.075585e+02  3.135729e+00  -2.617994e+00  1.548498e+00  1.230000e+02
0.000000e+00  -1.146128e+02  8.310780e+02  4.075585e+02  3.135729e+00  -2.617994e+00  1.548498e+00  1.230000e+02
0.000000e+00  -1.146128e+02  8.310780e+02  4.075585e+02  3.135729e+00  -2.617994e+00  1.548498e+00  1.230000e+02
0.000000e+00  -1.146128e+02  8.310780e+02  4.075585e+02  3.135729e+00  -2.617994e+00  1.548498e+00  1.230000e+02
0.000000e+00  -1.146128e+02  8.310780e+02  4.075585e+02  3.135729e+00  -2.617994e+00  1.548498e+00  1.230000e+02
0.000000e+00  -1.146128e+02  8.310780e+02  4.075585e+02  3.135729e+00  -2.617994e+00  1.548498e+00  1.230000e+02
0.000000e+00  -1.146128e+02  8.310780e+02  4.075585e+02  3.135729e+00  -2.617994e+00  1.548498e+00  1.230000e+02
0.000000e+00  -1.146128e+02  8.310780e+02  4.075585e+02  3.135729e+00  -2.617994e+00  1.548498e+00  1.230000e+02
0.000000e+00  -1.146128e+02  8.310780e+02  4.075585e+02  3.135729e+00  -2.617994e+00  1.548498e+00  1.230000e+02
0.000000e+00  -1.146128e+02  8.310780e+02  4.075585e+02  3.135729e+00  -2.617994e+00  1.548498e+00  1.230000e+02
0.000000e+00  -1.146128e+02  8.310780e+02  4.075585e+02  3.135729e+00  -2.617994e+00  1.548498e+00  1.230000e+02
0.000000e+00  -1.146128e+02  8.310780e+02  4.075585e+02  3.135729e+00  -2.617994e+00  1.548498e+00  1.230000e+02
0.000000e+00  -1.146128e+02  8.310780e+02  4.075585e+02  3.135729e+00  -2.617994e+00  1.548498e+00  1.230000e+02
0.000000e+00  -1.146128e+02  8.310780e+02  4.075585e+02  3.135729e+00  -2.617994e+00  1.548498e+00  1.230000e+02
0.000000e+00  -1.146128e+02  8.310780e+02  4.075585e+02  3.135729e+00  -2.617994e+00  1.548498e+00  1.230000e+02
0.000000e+00  -1.146128e+02  8.310780e+02  4.075585e+02  3.135729e+00  -2.617994e+00  1.548498e+00  1.230000e+02
0.000000e+00  -1.146128e+02  8.310780e+02  4.075585e+02  3.135729e+00  -2.617994e+00  1.548498e+00  1.230000e+02
0.000000e+00  -1.146128e+02  8.310780e+02  4.075585e+02  3.135729e+00  -2.617994e+00  1.548498e+00  1.230000e+02
0.000000e+00  -1.146128e+02  8.310780e+02  4.075585e+02  3.135729e+00  -2.617994e+00  1.548498e+00  1.230000e+02
0.000000e+00  -1.146128e+02  8.310780e+02  4.075585e+02  3.135729e+00  -2.617994e+00  1.548498e+00  1.230000e+02
0.000000e+00  -1.146128e+02  8.310780e+02  4.075585e+02  3.135729e+00  -2.617994e+00  1.548498e+00  1.230000e+02
0.000000e+00  -1.146128e+02  8.310780e+02  4.075585e+02  3.135729e+00  -2.617994e+00  1.548498e+00  1.230000e+02
0.000000e+00  -1.146128e+02  8.310780e+02  4.075585e+02  3.135729e+00  -2.617994e+00  1.548498e+00  1.230000e+02
0.000000e+00  -1.146128e+02  8.310780e+02  4.075585e+02  3.135729e+00  -2.617994e+00  1.548498e+00  1.230000e+02
0.000000e+00  -1.146128e+02  8.310780e+02  4.075585e+02  3.135729e+00  -2.617994e+00  1.548498e+00  1.230000e+02
0.000000e+00  -1.146128e+02  8.310780e+02  4.075585e+02  3.135729e+00  -2.617994e+00  1.548498e+00  1.230000e+02
0.000000e+00  -1.146128e+02  8.310780e+02  4.075585e+02  3.135729e+00  -2.617994e+00  1.548498e+00  1.230000e+02
0.000000e+00  -1.146128e+02  8.310780e+02  4.075585e+02  3.135729e+00  -2.617994e+00  1.548498e+00  1.230000e+02
0.000000e+00  -1.146128e+02  8.310780e+02  4.075585e+02  3.135729e+00  -2.617994e+00  1.548498e+00  1.230000e+02
0.000000e+00  -1.146128e+02  8.310780e+02  4.075585e+02  3.135729e+00  -2.617994e+00  1.548498e+00  1.230000e+02
0.000000e+00  -1.146128e+02  8.310780e+02  4.075585e+02  3.135729e+00  -2.617994e+00  1.548498e+00  1.230000e+02
0.000000e+00  -1.146128e+02  8.310780e+02  4.075585e+02  3.135729e+00  -2.617994e+00  1.548498e+00  1.230000e+02
0.000000e+00  -1.146128e+02  8.310780e+02  4.075585e+02  3.135729e+00  -2.617994e+00  1.548498e+00  1.230000e+02
0.000000e+00  -1.146128e+02  8.310780e+02  4.075585e+02  3.135729e+00  -2.617994e+00  1.548498e+00  1.230000e+02
0.000000e+00  -1.146128e+02  8.310780e+02  4.075585e+02  3.135729e+00  -2.617994e+00  1.548498e+00  1.230000e+02
0.000000e+00  -1.146128e+02  8.310780e+02  4.075585e+02  3.135729e+00  -2.617994e+00  1.548498e+00  1.230000e+02
0.000000e+00  -1.146128e+02  8.310780e+02  4.075585e+02  3.135729e+00  -2.617994e+00  1.548498e+00  1.230000e+02
0.000000e+00  -1.146128e+02  8.310780e+02  4.075585e+02  3.135729e+00  -2.617994e+00  1.548498e+00  1.230000e+02
0.000000e+00  -1.146128e+02  8.310780e+02  4.075585e+02  3.135729e+00  -2.617994e+00  1.548498e+00  1.230000e+02
0.000000e+00  -1.146128e+02  8.310780e+02  4.075585e+02  3.135729e+00  -2.617994e+00  1.548498e+00  1.230000e+02
0.000000e+00  -1.146128e+02  8.310780e+02  4.075585e+02  3.135729e+00  -2.617994e+00  1.548498e+00  1.230000e+02
0.000000e+00  -1.146128e+02  8.310780e+02  4.075585e+02  3.135729e+00  -2.617994e+00  1.548498e+00  1.230000e+02
0.000000e+00  -1.146128e+02  8.310780e+02  4.075585e+02  3.135729e+00  -2.617994e+00  1.548498e+00  1.230000e+02
0.000000e+00  -1.146128e+02  8.310780e+02  4.075585e+02  3.135729e+00  -2.617994e+00  1.548498e+00  1.230000e+02
0.000000e+00  -1.146128e+02  8.310780e+02  4.075585e+02  3.135729e+00  -2.617994e+00  1.548498e+00  1.230000e+02
0.000000e+00  -1.146128e+02  8.310780e+02  4.075585e+02  3.135729e+00  -2.617994e+00  1.548498e+00  1.230000e+02
0.000000e+00  -1.146128e+02  8.310780e+02  4.075585e+02  3.135729e+00  -2.617994e+00  1.548498e+00  1.230000e+02
0.000000e+00  -1.146128e+02  8.310780e+02  4.075585e+02  3.135729e+00  -2.617994e+00  1.548498e+00  1.230000e+02
0.000000e+00  -1.146128e+02  8.310780e+02  4.075585e+02  3.135729e+00  -2.617994e+00  1.548498e+00  1.230000e+02
0.000000e+00  -1.146128e+02  8.310780e+02  4.075585e+02  3.135729e+00  -2.617994e+00  1.548498e+00  1.230000e+02
0.000000e+00  -1.146128e+02  8.310780e+02  4.075585e+02  3.135729e+00  -2.617994e+00  1.548498e+00  1.230000e+02
0.000000e+00  -1.146128e+02  8.310780e+02  4.075585e+02  3.135729e+00  -2.617994e+00  1.548498e+00  1.230000e+02
0.000000e+00  -1.146128e+02  8.310780e+02  4.075585e+02  3.135729e+00  -2.617994e+00  1.548498e+00  1.230000e+02
0.000000e+00  -1.146128e+02  8.310780e+02  4.075585e+02  3.135729e+00  -2.617994e+00  1.548498e+00  1.230000e+02
0.000000e+00  -1.146128e+02  8.310780e+02  4.075585e+02  3.135729e+00  -2.617994e+00  1.548498e+00  1.230000e+02
0.000000e+00  -1.146128e+02  8.310780e+02  4.075585e+02  3.135729e+00  -2.617994e+00  1.548498e+00  1.230000e+02
0.000000e+00  -1.146128e+02  8.310780e+02  4.075585e+02  3.135729e+00  -2.617994e+00  1.548498e+00  1.230000e+02
0.000000e+00  -1.146128e+02  8.310780e+02  4.075585e+02  3.135729e+00  -2.617994e+00  1.548498e+00  1.230000e+02
0.000000e+00  -1.146128e+02  8.310780e+02  4.075585e+02  3.135729e+00  -2.617994e+00  1.548498e+00  1.230000e+02
0.000000e+00  -1.146128e+02  8.310780e+02  4.075585e+02  3.135729e+00  -2.617994e+00  1.548498e+00  1.230000e+02
0.000000e+00  -1.146128e+02  8.310780e+02  4.075585e+02  3.135729e+00  -2.617994e+00  1.548498e+00  1.230000e+02
0.000000e+00  -1.146128e+02  8.310780e+02  4.075585e+02  3.135729e+00  -2.617994e+00  1.548498e+00  1.230000e+02
0.000000e+00  -1.146128e+02  8.310780e+02  4.075585e+02  3.135729e+00  -2.617994e+00  1.548498e+00  1.230000e+02
0.000000e+00  -1.146128e+02  8.310780e+02  4.075585e+02  3.135729e+00  -2.617994e+00  1.548498e+00  1.230000e+02
0.000000e+00  -1.146128e+02  8.310780e+02  4.075585e+02  3.135729e+00  -2.617994e+00  1.548498e+00  1.230000e+02
0.000000e+00  -1.146128e+02  8.310780e+02  4.075585e+02  3.135729e+00  -2.617994e+00  1.548498e+00  1.230000e+02
0.000000e+00  -1.146128e+02  8.310780e+02  4.075585e+02  3.135729e+00  -2.617994e+00  1.548498e+00  1.230000e+02
0.000000e+00  -1.146128e+02  8.310780e+02  4.075585e+02  3.135729e+00  -2.617994e+00  1.548498e+00  1.230000e+02
0.000000e+00  -1.146128e+02  8.310780e+02  4.075585e+02  3.135729e+00  -2.617994e+00  1.548498e+00  1.230000e+02
0.000000e+00  -1.146128e+02  8.310780e+02  4.075585e+02  3.135729e+00  -2.617994e+00  1.548498e+00  1.230000e+02
0.000000e+00  -1.146128e+02  8.310780e+02  4.075585e+02  3.135729e+00  -2.617994e+00  1.548498e+00  1.230000e+02
0.000000e+00  -1.146128e+02  8.310780e+02  4.075585e+02  3.135729e+00  -2.617994e+00  1.548498e+00  1.230000e+02
0.000000e+00  -1.146128e+02  8.310780e+02  4.075585e+02  3.135729e+00  -2.617994e+00  1.548498e+00  1.230000e+02
0.000000e+00  -1.146128e+02  8.310780e+02  4.075585e+02  3.135729e+00  -2.617994e+00  1.548498e+00  1.230000e+02
0.000000e+00  -1.146128e+02  8.310780e+02  4.075585e+02  3.135729e+00  -2.617994e+00  1.548498e+00  1.230000e+02
0.000000e+00  -1.146128e+02  8.310780e+02  4.075585e+02  3.135729e+00  -2.617994e+00  1.548498e+00  1.230000e+02
0.000000e+00  -1.146128e+02  8.310780e+02  4.075585e+02  3.135729e+00  -2.617994e+00  1.548498e+00  1.230000e+02
0.000000e+00  -1.146128e+02  8.310780e+02  4.075585e+02  3.135729e+00  -2.617994e+00  1.548498e+00  1.230000e+02
0.000000e+00  -1.146128e+02  8.310780e+02  4.075585e+02  3.135729e+00  -2.617994e+00  1.548498e+00  1.230000e+02
0.000000e+00  -1.146128e+02  8.310780e+02  4.075585e+02  3.135729e+00  -2.617994e+00  1.548498e+00  1.230000e+02
0.000000e+00  -1.146128e+02  8.310780e+02  4.075585e+02  3.135729e+00  -2.617994e+00  1.548498e+00  1.230000e+02
0.000000e+00  -1.146128e+02  8.310780e+02  4.075585e+02  3.135729e+00  -2.617994e+00  1.548498e+00  1.230000e+02
0.000000e+00  -1.146128e+02  8.310780e+02  4.075585e+02  3.135729e+00  -2.617994e+00  1.548498e+00  1.230000e+02
0.000000e+00  -1.146128e+02  8.310780e+02  4.075585e+02  3.135729e+00  -2.617994e+00  1.548498e+00  1.230000e+02
0.000000e+00  -1.146128e+02  8.310780e+02  4.075585e+02  3.135729e+00  -2.617994e+00  1.548498e+00  1.230000e+02
0.000000e+00  -1.146128e+02  8.310780e+02  4.075585e+02  3.135729e+00  -2.617994e+00  1.548498e+00  1.230000e+02
0.000000e+00  -1.146128e+02  8.310780e+02  4.075585e+02  3.135729e+00  -2.617994e+00  1.548498e+00  1.230000e+02
0.000000e+00  -1.146128e+02  8.310780e+02  4.075585e+02  3.135729e+00  -2.617994e+00  1.548498e+00  1.230000e+02
0.000000e+00  -1.146128e+02  8.310780e+02  4.075585e+02  3.135729e+00  -2.617994e+00  1.548498e+00  1.230000e+02
0.000000e+00  -1.146128e+02  8.310780e+02  4.075585e+02  3.135729e+00  -2.617994e+00  1.548498e+00  1.230000e+02
0.000000e+00  -1.146128e+02  8.310780e+02  4.075585e+02  3.135729e+00  -2.617994e+00  1.548498e+00  1.230000e+02
0.000000e+00  -1.146128e+02  8.310780e+02  4.075585e+02  3.135729e+00  -2.617994e+00  1.548498e+00  1.230000e+02
0.000000e+00  -1.146128e+02  8.310780e+02  4.075585e+02  3.135729e+00  -2.617994e+00  1.548498e+00  1.230000e+02
0.000000e+00  -1.146128e+02  8.310780e+02  4.075585e+02  3.135729e+00  -2.617994e+00  1.548498e+00  1.230000e+02
0.000000e+00  -1.146128e+02  8.310780e+02  4.075585e+02  3.135729e+00  -2.617994e+00  1.548498e+00  1.230000e+02
0.000000e+00  -1.146128e+02  8.310780e+02  4.075585e+02  3.135729e+00  -2.617994e+00  1.548498e+00  1.230000e+02
0.000000e+00  -1.146128e+02  8.310780e+02  4.075585e+02  3.135729e+00  -2.617994e+00  1.548498e+00  1.230000e+02
0.000000e+00  -1.146128e+02  8.310780e+02  4.075585e+02  3.135729e+00  -2.617994e+00  1.548498e+00  1.230000e+02
0.000000e+00  -1.146128e+02  8.310780e+02  4.075585e+02  3.135729e+00  -2.617994e+00  1.548498e+00  1.230000e+02
0.000000e+00  -1.146128e+02  8.310780e+02  4.075585e+02  3.135729e+00  -2.617994e+00  1.548498e+00  1.230000e+02
0.000000e+00  -1.146128e+02  8.310780e+02  4.075585e+02  3.135729e+00  -2.617994e+00  1.548498e+00  1.230000e+02
0.000000e+00  -1.146128e+02  8.310780e+02  4.075585e+02  3.135729e+00  -2.617994e+00  1.548498e+00  1.230000e+02
0.000000e+00  -1.146128e+02  8.310780e+02  4.075585e+02  3.135729e+00  -2.617994e+00  1.548498e+00  1.230000e+02
0.000000e+00  -1.146128e+02  8.310780e+02  4.075585e+02  3.135729e+00  -2.617994e+00  1.548498e+00  1.230000e+02
0.000000e+00  -1.146128e+02  8.310780e+02  4.075585e+02  3.135729e+00  -2.617994e+00  1.548498e+00  1.230000e+02
0.000000e+00  -1.146128e+02  8.310780e+02  4.075585e+02  3.135729e+00  -2.617994e+00  1.548498e+00  1.230000e+02
0.000000e+00  -1.146128e+02  8.310780e+02  4.075585e+02  3.135729e+00  -2.617994e+00  1.548498e+00  1.230000e+02
0.000000e+00  -1.146128e+02  8.310780e+02  4.075585e+02  3.135729e+00  -2.617994e+00  1.548498e+00  1.230000e+02
0.000000e+00  -1.146128e+02  8.310780e+02  4.075585e+02  3.135729e+00  -2.617994e+00  1.548498e+00  1.230000e+02
0.000000e+00  -1.146128e+02  8.310780e+02  4.075585e+02  3.135729e+00  -2.617994e+00  1.548498e+00  1.230000e+02
0.000000e+00  -1.146128e+02  8.310780e+02  4.075585e+02  3.135729e+00  -2.617994e+00  1.548498e+00  1.230000e+02
0.000000e+00  -1.146128e+02  8.310780e+02  4.075585e+02  3.135729e+00  -2.617994e+00  1.548498e+00  1.230000e+02
0.000000e+00  -1.146128e+02  8.310780e+02  4.075585e+02  3.135729e+00  -2.617994e+00  1.548498e+00  1.230000e+02
0.000000e+00  -1.146128e+02  8.310780e+02  4.075585e+02  3.135729e+00  -2.617994e+00  1.548498e+00  1.230000e+02
0.000000e+00  -1.146128e+02  8.310780e+02  4.075585e+02  3.135729e+00  -2.617994e+00  1.548498e+00  1.230000e+02
0.000000e+00  -1.146128e+02  8.310780e+02  4.075585e+02  3.135729e+00  -2.617994e+00  1.548498e+00  1.230000e+02
0.000000e+00  -1.146128e+02  8.310780e+02  4.075585e+02  3.135729e+00  -2.617994e+00  1.548498e+00  1.230000e+02
0.000000e+00  -1.146128e+02  8.310780e+02  4.075585e+02  3.135729e+00  -2.617994e+00  1.548498e+00  1.230000e+02
0.000000e+00  -1.146128e+02  8.310780e+02  4.075585e+02  3.135729e+00  -2.617994e+00  1.548498e+00  1.230000e+02
0.000000e+00  -1.146128e+02  8.310780e+02  4.075585e+02  3.135729e+00  -2.617994e+00  1.548498e+00  1.230000e+02
0.000000e+00  -1.146128e+02  8.310780e+02  4.075585e+02  3.135729e+00  -2.617994e+00  1.548498e+00  1.230000e+02
0.000000e+00  -1.146128e+02  8.310780e+02  4.075585e+02  3.135729e+00  -2.617994e+00  1.548498e+00  1.230000e+02
0.000000e+00  -1.146128e+02  8.310780e+02  4.075585e+02  3.135729e+00  -2.617994e+00  1.548498e+00  1.230000e+02
0.000000e+00  -1.146128e+02  8.310780e+02  4.075585e+02  3.135729e+00  -2.617994e+00  1.548498e+00  1.230000e+02
0.000000e+00  -1.146128e+02  8.310780e+02  4.075585e+02  3.135729e+00  -2.617994e+00  1.548498e+00  1.230000e+02
0.000000e+00  -1.146128e+02  8.310780e+02  4.075585e+02  3.135729e+00  -2.617994e+00  1.548498e+00  1.230000e+02
0.000000e+00  -1.146128e+02  8.310780e+02  4.075585e+02  3.135729e+00  -2.617994e+00  1.548498e+00  1.230000e+02
0.000000e+00  -1.146128e+02  8.310780e+02  4.075585e+02  3.135729e+00  -2.617994e+00  1.548498e+00  1.230000e+02
0.000000e+00  -1.146128e+02  8.310780e+02  4.075585e+02  3.135729e+00  -2.617994e+00  1.548498e+00  1.230000e+02
0.000000e+00  -1.146128e+02  8.310780e+02  4.075585e+02  3.135729e+00  -2.617994e+00  1.548498e+00  1.230000e+02
0.000000e+00  -1.146128e+02  8.310780e+02  4.075585e+02  3.135729e+00  -2.617994e+00  1.548498e+00  1.230000e+02
0.000000e+00  -1.146128e+02  8.310780e+02  4.075585e+02  3.135729e+00  -2.617994e+00  1.548498e+00  1.230000e+02
0.000000e+00  -1.146128e+02  8.310780e+02  4.075585e+02  3.135729e+00  -2.617994e+00  1.548498e+00  1.230000e+02
0.000000e+00  -1.146128e+02  8.310780e+02  4.075585e+02  3.135729e+00  -2.617994e+00  1.548498e+00  1.230000e+02
0.000000e+00  -1.146128e+02  8.310780e+02  4.075585e+02  3.135729e+00  -2.617994e+00  1.548498e+00  1.230000e+02
0.000000e+00  -1.146128e+02  8.310780e+02  4.075585e+02  3.135729e+00  -2.617994e+00  1.548498e+00  1.230000e+02
0.000000e+00  -1.146128e+02  8.310780e+02  4.075585e+02  3.135729e+00  -2.617994e+00  1.548498e+00  1.230000e+02
0.000000e+00  -1.146128e+02  8.310780e+02  4.075585e+02  3.135729e+00  -2.617994e+00  1.548498e+00  1.230000e+02
0.000000e+00  -1.146128e+02  8.310780e+02  4.075585e+02  3.135729e+00  -2.617994e+00  1.548498e+00  1.230000e+02
0.000000e+00  -1.146128e+02  8.310780e+02  4.075585e+02  3.135729e+00  -2.617994e+00  1.548498e+00  1.230000e+02
0.000000e+00  -1.139970e+02  8.310780e+02  4.073151e+02  3.135729e+00  -2.617994e+00  1.548498e+00  1.230000e+02
0.000000e+00  -1.133813e+02  8.310780e+02  4.070717e+02  3.135729e+00  -2.612176e+00  1.548498e+00  1.230000e+02
0.000000e+00  -1.127656e+02  8.310780e+02  4.068282e+02  3.135729e+00  -2.606358e+00  1.548498e+00  1.230000e+02
0.000000e+00  -1.121499e+02  8.310780e+02  4.065848e+02  3.135729e+00  -2.600541e+00  1.548498e+00  1.230000e+02
0.000000e+00  -1.115341e+02  8.310780e+02  4.063414e+02  3.135729e+00  -2.594723e+00  1.548498e+00  1.230000e+02
0.000000e+00  -1.109184e+02  8.310780e+02  4.060979e+02  3.135729e+00  -2.588905e+00  1.548498e+00  1.230000e+02
0.000000e+00  -1.103027e+02  8.310780e+02  4.058545e+02  3.135729e+00  -2.583087e+00  1.548498e+00  1.230000e+02
0.000000e+00  -1.096869e+02  8.310780e+02  4.056111e+02  3.135729e+00  -2.577270e+00  1.548498e+00  1.230000e+02
0.000000e+00  -1.090712e+02  8.310780e+02  4.053676e+02  3.135729e+00  -2.571452e+00  1.548498e+00  1.230000e+02
0.000000e+00  -1.084555e+02  8.310780e+02  4.051242e+02  3.135729e+00  -2.565634e+00  1.548498e+00  1.230000e+02
0.000000e+00  -1.078397e+02  8.310780e+02  4.048807e+02  3.135729e+00  -2.559816e+00  1.548498e+00  1.230000e+02
0.000000e+00  -1.072240e+02  8.310780e+02  4.046373e+02  3.135729e+00  -2.553998e+00  1.548498e+00  1.230000e+02
0.000000e+00  -1.066083e+02  8.310780e+02  4.043939e+02  3.135729e+00  -2.548181e+00  1.548498e+00  1.230000e+02
0.000000e+00  -1.059925e+02  8.310780e+02  4.041504e+02  3.135729e+00  -2.542363e+00  1.548498e+00  1.230000e+02
0.000000e+00  -1.053768e+02  8.310780e+02  4.039070e+02  3.135729e+00  -2.536545e+00  1.548498e+00  1.230000e+02
0.000000e+00  -1.047611e+02  8.310780e+02  4.036636e+02  3.135729e+00  -2.530727e+00  1.548498e+00  1.230000e+02
0.000000e+00  -1.041453e+02  8.310780e+02  4.034201e+02  3.135729e+00  -2.524910e+00  1.548498e+00  1.230000e+02
0.000000e+00  -1.035296e+02  8.310780e+02  4.031767e+02  3.135729e+00  -2.519092e+00  1.548498e+00  1.230000e+02
0.000000e+00  -1.029139e+02  8.310780e+02  4.029332e+02  3.135729e+00  -2.513274e+00  1.548498e+00  1.230000e+02
0.000000e+00  -1.022981e+02  8.310780e+02  4.026898e+02  3.135729e+00  -2.507456e+00  1.548498e+00  1.230000e+02
0.000000e+00  -1.016824e+02  8.310780e+02  4.024464e+02  3.135729e+00  -2.501639e+00  1.548498e+00  1.230000e+02
0.000000e+00  -1.010667e+02  8.310780e+02  4.022029e+02  3.135729e+00  -2.495821e+00  1.548498e+00  1.230000e+02
0.000000e+00  -1.004509e+02  8.310780e+02  4.019595e+02  3.135729e+00  -2.490003e+00  1.548498e+00  1.230000e+02
0.000000e+00  -9.983521e+01  8.310780e+02  4.017161e+02  3.135729e+00  -2.484185e+00  1.548498e+00  1.230000e+02
0.000000e+00  -9.921948e+01  8.310780e+02  4.014726e+02  3.135729e+00  -2.478368e+00  1.548498e+00  1.230000e+02
0.000000e+00  -9.860375e+01  8.310780e+02  4.012292e+02  3.135729e+00  -2.472550e+00  1.548498e+00  1.230000e+02
0.000000e+00  -9.798802e+01  8.310780e+02  4.009857e+02  3.135729e+00  -2.466732e+00  1.548498e+00  1.230000e+02
0.000000e+00  -9.737229e+01  8.310780e+02  4.007423e+02  3.135729e+00  -2.460914e+00  1.548498e+00  1.230000e+02
0.000000e+00  -9.675655e+01  8.310780e+02  4.004989e+02  3.135729e+00  -2.455096e+00  1.548498e+00  1.230000e+02
0.000000e+00  -9.614082e+01  8.310780e+02  4.002554e+02  3.135729e+00  -2.449279e+00  1.548498e+00  1.230000e+02
0.000000e+00  -9.552509e+01  8.310780e+02  4.000120e+02  3.135729e+00  -2.443461e+00  1.548498e+00  1.230000e+02
0.000000e+00  -9.490936e+01  8.310780e+02  3.997686e+02  3.135729e+00  -2.437643e+00  1.548498e+00  1.230000e+02
0.000000e+00  -9.429363e+01  8.310780e+02  3.995251e+02  3.135729e+00  -2.431825e+00  1.548498e+00  1.230000e+02
0.000000e+00  -9.367790e+01  8.310780e+02  3.992817e+02  3.135729e+00  -2.426008e+00  1.548498e+00  1.230000e+02
0.000000e+00  -9.306216e+01  8.310780e+02  3.990383e+02  3.135729e+00  -2.420190e+00  1.548498e+00  1.230000e+02
0.000000e+00  -9.244643e+01  8.310780e+02  3.987948e+02  3.135729e+00  -2.414372e+00  1.548498e+00  1.230000e+02
0.000000e+00  -9.183070e+01  8.310780e+02  3.985514e+02  3.135729e+00  -2.408554e+00  1.548498e+00  1.230000e+02
0.000000e+00  -9.121497e+01  8.310780e+02  3.983079e+02  3.135729e+00  -2.402737e+00  1.548498e+00  1.230000e+02
0.000000e+00  -9.059924e+01  8.310780e+02  3.980645e+02  3.135729e+00  -2.396919e+00  1.548498e+00  1.230000e+02
0.000000e+00  -8.998350e+01  8.310780e+02  3.978211e+02  3.135729e+00  -2.391101e+00  1.548498e+00  1.230000e+02
0.000000e+00  -8.936777e+01  8.310780e+02  3.975776e+02  3.135729e+00  -2.385283e+00  1.548498e+00  1.230000e+02
0.000000e+00  -8.875204e+01  8.310780e+02  3.973342e+02  3.135729e+00  -2.379466e+00  1.548498e+00  1.230000e+02
0.000000e+00  -8.813631e+01  8.310780e+02  3.970908e+02  3.135729e+00  -2.373648e+00  1.548498e+00  1.230000e+02
0.000000e+00  -8.752058e+01  8.310780e+02  3.968473e+02  3.135729e+00  -2.367830e+00  1.548498e+00  1.230000e+02
0.000000e+00  -8.690485e+01  8.310780e+02  3.966039e+02  3.135729e+00  -2.362012e+00  1.548498e+00  1.230000e+02
0.000000e+00  -8.628911e+01  8.310780e+02  3.963604e+02  3.135729e+00  -2.356194e+00  1.548498e+00  1.230000e+02
0.000000e+00  -8.567338e+01  8.310780e+02  3.961170e+02  3.135729e+00  -2.350377e+00  1.548498e+00  1.230000e+02
0.000000e+00  -8.505765e+01  8.310780e+02  3.958736e+02  3.135729e+00  -2.344559e+00  1.548498e+00  1.230000e+02
0.000000e+00  -8.444192e+01  8.310780e+02  3.956301e+02  3.135729e+00  -2.338741e+00  1.548498e+00  1.230000e+02
0.000000e+00  -8.382619e+01  8.310780e+02  3.953867e+02  3.135729e+00  -2.332923e+00  1.548498e+00  1.230000e+02
0.000000e+00  -8.321045e+01  8.310780e+02  3.951433e+02  3.135729e+00  -2.327106e+00  1.548498e+00  1.230000e+02
0.000000e+00  -8.259472e+01  8.310780e+02  3.948998e+02  3.135729e+00  -2.321288e+00  1.548498e+00  1.230000e+02
0.000000e+00  -8.197899e+01  8.310780e+02  3.946564e+02  3.135729e+00  -2.315470e+00  1.548498e+00  1.230000e+02
0.000000e+00  -8.136326e+01  8.310780e+02  3.944130e+02  3.135729e+00  -2.309652e+00  1.548498e+00  1.230000e+02
0.000000e+00  -8.074753e+01  8.310780e+02  3.941695e+02  3.135729e+00  -2.303835e+00  1.548498e+00  1.230000e+02
0.000000e+00  -8.013179e+01  8.310780e+02  3.939261e+02  3.135729e+00  -2.298017e+00  1.548498e+00  1.230000e+02
0.000000e+00  -7.951606e+01  8.310780e+02  3.936826e+02  3.135729e+00  -2.292199e+00  1.548498e+00  1.230000e+02
0.000000e+00  -7.890033e+01  8.310780e+02  3.934392e+02  3.135729e+00  -2.286381e+00  1.548498e+00  1.230000e+02
0.000000e+00  -7.828460e+01  8.310780e+02  3.931958e+02  3.135729e+00  -2.280564e+00  1.548498e+00  1.230000e+02
0.000000e+00  -7.766887e+01  8.310780e+02  3.929523e+02  3.135729e+00  -2.274746e+00  1.548498e+00  1.230000e+02
0.000000e+00  -7.705314e+01  8.310780e+02  3.927089e+02  3.135729e+00  -2.268928e+00  1.548498e+00  1.230000e+02
0.000000e+00  -7.643740e+01  8.310780e+02  3.924655e+02  3.135729e+00  -2.263110e+00  1.548498e+00  1.230000e+02
0.000000e+00  -7.582167e+01  8.310780e+02  3.922220e+02  3.135729e+00  -2.257292e+00  1.548498e+00  1.230000e+02
0.000000e+00  -7.520594e+01  8.310780e+02  3.919786e+02  3.135729e+00  -2.251475e+00  1.548498e+00  1.230000e+02
0.000000e+00  -7.459021e+01  8.310780e+02  3.917351e+02  3.135729e+00  -2.245657e+00  1.548498e+00  1.230000e+02
0.000000e+00  -7.397448e+01  8.310780e+02  3.914917e+02  3.135729e+00  -2.239839e+00  1.548498e+00  1.230000e+02
0.000000e+00  -7.335874e+01  8.310780e+02  3.912483e+02  3.135729e+00  -2.234021e+00  1.548498e+00  1.230000e+02
0.000000e+00  -7.274301e+01  8.310780e+02  3.910048e+02  3.135729e+00  -2.228204e+00  1.548498e+00  1.230000e+02
0.000000e+00  -7.212728e+01  8.310780e+02  3.907614e+02  3.135729e+00  -2.222386e+00  1.548498e+00  1.230000e+02
0.000000e+00  -7.151155e+01  8.310780e+02  3.905180e+02  3.135729e+00  -2.216568e+00  1.548498e+00  1.230000e+02
0.000000e+00  -7.089582e+01  8.310780e+02  3.902745e+02  3.135729e+00  -2.210750e+00  1.548498e+00  1.230000e+02
0.000000e+00  -7.028008e+01  8.310780e+02  3.900311e+02  3.135729e+00  -2.204933e+00  1.548498e+00  1.230000e+02
0.000000e+00  -6.966435e+01  8.310780e+02  3.897876e+02  3.135729e+00  -2.199115e+00  1.548498e+00  1.230000e+02
0.000000e+00  -6.904862e+01  8.310780e+02  3.895442e+02  3.135729e+00  -2.193297e+00  1.548498e+00  1.230000e+02
0.000000e+00  -6.843289e+01  8.310780e+02  3.893008e+02  3.135729e+00  -2.187479e+00  1.548498e+00  1.230000e+02
0.000000e+00  -6.781716e+01  8.310780e+02  3.890573e+02  3.135729e+00  -2.181662e+00  1.548498e+00  1.230000e+02
0.000000e+00  -6.720143e+01  8.310780e+02  3.888139e+02  3.135729e+00  -2.175844e+00  1.548498e+00  1.230000e+02
0.000000e+00  -6.658569e+01  8.310780e+02  3.885705e+02  3.135729e+00  -2.170026e+00  1.548498e+00  1.230000e+02
0.000000e+00  -6.596996e+01  8.310780e+02  3.883270e+02  3.135729e+00  -2.164208e+00  1.548498e+00  1.230000e+02
0.000000e+00  -6.535423e+01  8.310780e+02  3.880836e+02  3.135729e+00  -2.158391e+00  1.548498e+00  1.230000e+02
0.000000e+00  -6.473850e+01  8.310780e+02  3.878402e+02  3.135729e+00  -2.152573e+00  1.548498e+00  1.230000e+02
0.000000e+00  -6.412277e+01  8.310780e+02  3.875967e+02  3.135729e+00  -2.146755e+00  1.548498e+00  1.230000e+02
0.000000e+00  -6.350703e+01  8.310780e+02  3.873533e+02  3.135729e+00  -2.140937e+00  1.548498e+00  1.230000e+02
0.000000e+00  -6.289130e+01  8.310780e+02  3.871098e+02  3.135729e+00  -2.135119e+00  1.548498e+00  1.230000e+02
0.000000e+00  -6.227557e+01  8.310780e+02  3.868664e+02  3.135729e+00  -2.129302e+00  1.548498e+00  1.230000e+02
0.000000e+00  -6.165984e+01  8.310780e+02  3.866230e+02  3.135729e+00  -2.123484e+00  1.548498e+00  1.230000e+02
0.000000e+00  -6.104411e+01  8.310780e+02  3.863795e+02  3.135729e+00  -2.117666e+00  1.548498e+00  1.230000e+02
0.000000e+00  -6.042838e+01  8.310780e+02  3.861361e+02  3.135729e+00  -2.111848e+00  1.548498e+00  1.230000e+02
0.000000e+00  -5.981264e+01  8.310780e+02  3.858927e+02  3.135729e+00  -2.106031e+00  1.548498e+00  1.230000e+02
0.000000e+00  -5.919691e+01  8.310780e+02  3.856492e+02  3.135729e+00  -2.100213e+00  1.548498e+00  1.230000e+02
0.000000e+00  -5.858118e+01  8.310780e+02  3.854058e+02  3.135729e+00  -2.094395e+00  1.548498e+00  1.230000e+02
0.000000e+00  -5.796545e+01  8.310780e+02  3.851623e+02  3.135729e+00  -2.088577e+00  1.548498e+00  1.230000e+02
0.000000e+00  -5.734972e+01  8.310780e+02  3.849189e+02  3.135729e+00  -2.082760e+00  1.548498e+00  1.230000e+02
0.000000e+00  -5.673398e+01  8.310780e+02  3.846755e+02  3.135729e+00  -2.076942e+00  1.548498e+00  1.230000e+02
0.000000e+00  -5.611825e+01  8.310780e+02  3.844320e+02  3.135729e+00  -2.071124e+00  1.548498e+00  1.230000e+02
0.000000e+00  -5.550252e+01  8.310780e+02  3.841886e+02  3.135729e+00  -2.065306e+00  1.548498e+00  1.230000e+02
0.000000e+00  -5.488679e+01  8.310780e+02  3.839452e+02  3.135729e+00  -2.059489e+00  1.548498e+00  1.230000e+02
0.000000e+00  -5.427106e+01  8.310780e+02  3.837017e+02  3.135729e+00  -2.053671e+00  1.548498e+00  1.230000e+02
0.000000e+00  -5.365532e+01  8.310780e+02  3.834583e+02  3.135729e+00  -2.047853e+00  1.548498e+00  1.230000e+02
0.000000e+00  -5.303959e+01  8.310780e+02  3.832148e+02  3.135729e+00  -2.042035e+00  1.548498e+00  1.230000e+02
0.000000e+00  -5.242386e+01  8.310780e+02  3.829714e+02  3.135729e+00  -2.036217e+00  1.548498e+00  1.230000e+02
0.000000e+00  -5.180813e+01  8.310780e+02  3.827280e+02  3.135729e+00  -2.030400e+00  1.548498e+00  1.230000e+02
0.000000e+00  -5.119240e+01  8.310780e+02  3.824845e+02  3.135729e+00  -2.024582e+00  1.548498e+00  1.230000e+02
0.000000e+00  -5.057667e+01  8.310780e+02  3.822411e+02  3.135729e+00  -2.018764e+00  1.548498e+00  1.230000e+02
0.000000e+00  -4.996093e+01  8.310780e+02  3.819977e+02  3.135729e+00  -2.012946e+00  1.548498e+00  1.230000e+02
0.000000e+00  -4.934520e+01  8.310780e+02  3.817542e+02  3.135729e+00  -2.007129e+00  1.548498e+00  1.230000e+02
0.000000e+00  -4.872947e+01  8.310780e+02  3.815108e+02  3.135729e+00  -2.001311e+00  1.548498e+00  1.230000e+02
0.000000e+00  -4.811374e+01  8.310780e+02  3.812674e+02  3.135729e+00  -1.995493e+00  1.548498e+00  1.230000e+02
0.000000e+00  -4.749801e+01  8.310780e+02  3.810239e+02  3.135729e+00  -1.989675e+00  1.548498e+00  1.230000e+02
0.000000e+00  -4.688227e+01  8.310780e+02  3.807805e+02  3.135729e+00  -1.983858e+00  1.548498e+00  1.230000e+02
0.000000e+00  -4.626654e+01  8.310780e+02  3.805370e+02  3.135729e+00  -1.978040e+00  1.548498e+00  1.230000e+02
0.000000e+00  -4.565081e+01  8.310780e+02  3.802936e+02  3.135729e+00  -1.972222e+00  1.548498e+00  1.230000e+02
0.000000e+00  -4.503508e+01  8.310780e+02  3.800502e+02  3.135729e+00  -1.966404e+00  1.548498e+00  1.230000e+02
0.000000e+00  -4.441935e+01  8.310780e+02  3.798067e+02  3.135729e+00  -1.960587e+00  1.548498e+00  1.230000e+02
0.000000e+00  -4.380362e+01  8.310780e+02  3.795633e+02  3.135729e+00  -1.954769e+00  1.548498e+00  1.230000e+02
0.000000e+00  -4.318788e+01  8.310780e+02  3.793199e+02  3.135729e+00  -1.948951e+00  1.548498e+00  1.230000e+02
0.000000e+00  -4.257215e+01  8.310780e+02  3.790764e+02  3.135729e+00  -1.943133e+00  1.548498e+00  1.230000e+02
0.000000e+00  -4.195642e+01  8.310780e+02  3.788330e+02  3.135729e+00  -1.937315e+00  1.548498e+00  1.230000e+02
0.000000e+00  -4.134069e+01  8.310780e+02  3.785895e+02  3.135729e+00  -1.931498e+00  1.548498e+00  1.230000e+02
0.000000e+00  -4.072496e+01  8.310780e+02  3.783461e+02  3.135729e+00  -1.925680e+00  1.548498e+00  1.230000e+02
0.000000e+00  -4.010922e+01  8.310780e+02  3.781027e+02  3.135729e+00  -1.919862e+00  1.548498e+00  1.230000e+02
0.000000e+00  -3.949349e+01  8.310780e+02  3.778592e+02  3.135729e+00  -1.914044e+00  1.548498e+00  1.230000e+02
0.000000e+00  -3.887776e+01  8.310780e+02  3.776158e+02  3.135729e+00  -1.908227e+00  1.548498e+00  1.230000e+02
0.000000e+00  -3.826203e+01  8.310780e+02  3.773724e+02  3.135729e+00  -1.902409e+00  1.548498e+00  1.230000e+02
0.000000e+00  -3.764630e+01  8.310780e+02  3.771289e+02  3.135729e+00  -1.896591e+00  1.548498e+00  1.230000e+02
0.000000e+00  -3.703056e+01  8.310780e+02  3.768855e+02  3.135729e+00  -1.890773e+00  1.548498e+00  1.230000e+02
0.000000e+00  -3.641483e+01  8.310780e+02  3.766421e+02  3.135729e+00  -1.884956e+00  1.548498e+00  1.230000e+02
0.000000e+00  -3.579910e+01  8.310780e+02  3.763986e+02  3.135729e+00  -1.879138e+00  1.548498e+00  1.230000e+02
0.000000e+00  -3.518337e+01  8.310780e+02  3.761552e+02  3.135729e+00  -1.873320e+00  1.548498e+00  1.230000e+02
0.000000e+00  -3.456764e+01  8.310780e+02  3.759117e+02  3.135729e+00  -1.867502e+00  1.548498e+00  1.230000e+02
0.000000e+00  -3.395191e+01  8.310780e+02  3.756683e+02  3.135729e+00  -1.861685e+00  1.548498e+00  1.230000e+02
0.000000e+00  -3.333617e+01  8.310780e+02  3.754249e+02  3.135729e+00  -1.855867e+00  1.548498e+00  1.230000e+02
0.000000e+00  -3.272044e+01  8.310780e+02  3.751814e+02  3.135729e+00  -1.850049e+00  1.548498e+00  1.230000e+02
0.000000e+00  -3.210471e+01  8.310780e+02  3.749380e+02  3.135729e+00  -1.844231e+00  1.548498e+00  1.230000e+02
0.000000e+00  -3.148898e+01  8.310780e+02  3.746946e+02  3.135729e+00  -1.838413e+00  1.548498e+00  1.230000e+02
0.000000e+00  -3.087325e+01  8.310780e+02  3.744511e+02  3.135729e+00  -1.832596e+00  1.548498e+00  1.230000e+02
0.000000e+00  -3.025751e+01  8.310780e+02  3.742077e+02  3.135729e+00  -1.826778e+00  1.548498e+00  1.230000e+02
0.000000e+00  -2.964178e+01  8.310780e+02  3.739642e+02  3.135729e+00  -1.820960e+00  1.548498e+00  1.230000e+02
0.000000e+00  -2.902605e+01  8.310780e+02  3.737208e+02  3.135729e+00  -1.815142e+00  1.548498e+00  1.230000e+02
0.000000e+00  -2.841032e+01  8.310780e+02  3.734774e+02  3.135729e+00  -1.809325e+00  1.548498e+00  1.230000e+02
0.000000e+00  -2.779459e+01  8.310780e+02  3.732339e+02  3.135729e+00  -1.803507e+00  1.548498e+00  1.230000e+02
0.000000e+00  -2.717885e+01  8.310780e+02  3.729905e+02  3.135729e+00  -1.797689e+00  1.548498e+00  1.230000e+02
0.000000e+00  -2.656312e+01  8.310780e+02  3.727471e+02  3.135729e+00  -1.791871e+00  1.548498e+00  1.230000e+02
0.000000e+00  -2.594739e+01  8.310780e+02  3.725036e+02  3.135729e+00  -1.786054e+00  1.548498e+00  1.230000e+02
0.000000e+00  -2.533166e+01  8.310780e+02  3.722602e+02  3.135729e+00  -1.780236e+00  1.548498e+00  1.230000e+02
0.000000e+00  -2.471593e+01  8.310780e+02  3.720167e+02  3.135729e+00  -1.774418e+00  1.548498e+00  1.230000e+02
0.000000e+00  -2.410020e+01  8.310780e+02  3.717733e+02  3.135729e+00  -1.768600e+00  1.548498e+00  1.230000e+02
0.000000e+00  -2.348446e+01  8.310780e+02  3.715299e+02  3.135729e+00  -1.762783e+00  1.548498e+00  1.230000e+02
0.000000e+00  -2.286873e+01  8.310780e+02  3.712864e+02  3.135729e+00  -1.756965e+00  1.548498e+00  1.230000e+02
0.000000e+00  -2.225300e+01  8.310780e+02  3.710430e+02  3.135729e+00  -1.751147e+00  1.548498e+00  1.230000e+02
