0.000000e+00  -2.225300e+01  8.310780e+02  3.710430e+02  3.135729e+00  -1.745329e+00  1.548498e+00  1.230000e+02
0.000000e+00  -2.225300e+01  8.310780e+02  3.710430e+02  3.135729e+00  -1.745329e+00  1.548498e+00  1.230000e+02
0.000000e+00  -2.220571e+01  8.310780e+02  3.711305e+02  3.135729e+00  -1.745329e+00  1.548498e+00  1.230000e+02
0.000000e+00  -2.211292e+01  8.310780e+02  3.712941e+02  3.135729e+00  -1.745329e+00  1.548498e+00  1.230000e+02
0.000000e+00  -2.197625e+01  8.310780e+02  3.715238e+02  3.135729e+00  -1.745329e+00  1.548498e+00  1.230000e+02
0.000000e+00  -2.179725e+01  8.310780e+02  3.718113e+02  3.135729e+00  -1.745329e+00  1.548498e+00  1.230000e+02
0.000000e+00  -2.157750e+01  8.310780e+02  3.721494e+02  3.135729e+00  -1.745329e+00  1.548498e+00  1.230000e+02
0.000000e+00  -2.131867e+01  8.310780e+02  3.725321e+02  3.135729e+00  -1.745329e+00  1.548498e+00  1.230000e+02
0.000000e+00  -2.102269e+01  8.310780e+02  3.729537e+02  3.135729e+00  -1.745329e+00  1.548498e+00  1.230000e+02
0.000000e+00  -2.069173e+01  8.310780e+02  3.734096e+02  3.135729e+00  -1.745329e+00  1.548498e+00  1.230000e+02
0.000000e+00  -2.032838e+01  8.310780e+02  3.738953e+02  3.135729e+00  -1.745329e+00  1.548498e+00  1.230000e+02
0.000000e+00  -1.993572e+01  8.310780e+02  3.744067e+02  3.135729e+00  -1.745329e+00  1.548498e+00  1.230000e+02
0.000000e+00  -1.951736e+01  8.310780e+02  3.749399e+02  3.135729e+00  -1.745329e+00  1.548498e+00  1.230000e+02
0.000000e+00  -1.907757e+01  8.310780e+02  3.754910e+02  3.135729e+00  -1.745329e+00  1.548498e+00  1.230000e+02
0.000000e+00  -1.862129e+01  8.310780e+02  3.760562e+02  3.135729e+00  -1.745329e+00  1.548498e+00  1.230000e+02
0.000000e+00  -1.815425e+01  8.310780e+02  3.766313e+02  3.135729e+00  -1.745329e+00  1.548498e+00  1.230000e+02
0.000000e+00  -1.768293e+01  8.310780e+02  3.772121e+02  3.135729e+00  -1.745329e+00  1.548498e+00  1.230000e+02
0.000000e+00  -1.721470e+01  8.310780e+02  3.777941e+02  3.135729e+00  -1.745329e+00  1.548498e+00  1.230000e+02
0.000000e+00  -1.675773e+01  8.310780e+02  3.783725e+02  3.135729e+00  -1.745329e+00  1.548498e+00  1.230000e+02
0.000000e+00  -1.632106e+01  8.310780e+02  3.789423e+02  3.135729e+00  -1.745329e+00  1.548498e+00  1.230000e+02
0.000000e+00  -1.591452e+01  8.310780e+02  3.794980e+02  3.135729e+00  -1.745329e+00  1.548498e+00  1.230000e+02
0.000000e+00  -1.554873e+01  8.310780e+02  3.800338e+02  3.135729e+00  -1.745329e+00  1.548498e+00  1.230000e+02
0.000000e+00  -1.523504e+01  8.310780e+02  3.805438e+02  3.135729e+00  -1.745329e+00  1.548498e+00  1.230000e+02
0.000000e+00  -1.498540e+01  8.310780e+02  3.810218e+02  3.135729e+00  -1.745329e+00  1.548498e+00  1.230000e+02
0.000000e+00  -1.481228e+01  8.310780e+02  3.814613e+02  3.135729e+00  -1.745329e+00  1.548498e+00  1.230000e+02
0.000000e+00  -1.472858e+01  8.310780e+02  3.818560e+02  3.135729e+00  -1.745329e+00  1.548498e+00  1.230000e+02
0.000000e+00  -1.474744e+01  8.310780e+02  3.821990e+02  3.135729e+00  -1.745329e+00  1.548498e+00  1.230000e+02
0.000000e+00  -1.488212e+01  8.310780e+02  3.824842e+02  3.135729e+00  -1.745329e+00  1.548498e+00  1.230000e+02
0.000000e+00  -1.514582e+01  8.310780e+02  3.827052e+02  3.135729e+00  -1.745329e+00  1.548498e+00  1.230000e+02
0.000000e+00  -1.555157e+01  8.310780e+02  3.828561e+02  3.135729e+00  -1.745329e+00  1.548498e+00  1.230000e+02
0.000000e+00  -1.611197e+01  8.310780e+02  3.829314e+02  3.135729e+00  -1.745329e+00  1.548498e+00  1.230000e+02
0.000000e+00  -1.683915e+01  8.310780e+02  3.829260e+02  3.135729e+00  -1.745329e+00  1.548498e+00  1.230000e+02
0.000000e+00  -1.774451e+01  8.310780e+02  3.828358e+02  3.135729e+00  -1.745329e+00  1.548498e+00  1.230000e+02
0.000000e+00  -1.883872e+01  8.310780e+02  3.826571e+02  3.135729e+00  -1.745329e+00  1.548498e+00  1.230000e+02
0.000000e+00  -2.013143e+01  8.310780e+02  3.823874e+02  3.135729e+00  -1.745329e+00  1.548498e+00  1.230000e+02
0.000000e+00  -2.163137e+01  8.310780e+02  3.820251e+02  3.135729e+00  -1.745329e+00  1.548498e+00  1.230000e+02
0.000000e+00  -2.334609e+01  8.310780e+02  3.815694e+02  3.135729e+00  -1.745329e+00  1.548498e+00  1.230000e+02
0.000000e+00  -2.528208e+01  8.310780e+02  3.810212e+02  3.135729e+00  -1.745329e+00  1.548498e+00  1.230000e+02
0.000000e+00  -2.744458e+01  8.310780e+02  3.803820e+02  3.135729e+00  -1.745329e+00  1.548498e+00  1.230000e+02
0.000000e+00  -2.983767e+01  8.310780e+02  3.796549e+02  3.135729e+00  -1.745329e+00  1.548498e+00  1.230000e+02
0.000000e+00  -3.246422e+01  8.310780e+02  3.788440e+02  3.135729e+00  -1.745329e+00  1.548498e+00  1.230000e+02
0.000000e+00  -3.532593e+01  8.310780e+02  3.779546e+02  3.135729e+00  -1.745329e+00  1.548498e+00  1.230000e+02
0.000000e+00  -3.842331e+01  8.310780e+02  3.769934e+02  3.135729e+00  -1.745329e+00  1.548498e+00  1.230000e+02
0.000000e+00  -4.175576e+01  8.310780e+02  3.759680e+02  3.135729e+00  -1.745329e+00  1.548498e+00  1.230000e+02
0.000000e+00  -4.532155e+01  8.310780e+02  3.748870e+02  3.135729e+00  -1.745329e+00  1.548498e+00  1.230000e+02
0.000000e+00  -4.911788e+01  8.310780e+02  3.737601e+02  3.135729e+00  -1.745329e+00  1.548498e+00  1.230000e+02
0.000000e+00  -5.314087e+01  8.310780e+02  3.725977e+02  3.135729e+00  -1.745329e+00  1.548498e+00  1.230000e+02
0.000000e+00  -5.738564e+01  8.310780e+02  3.714110e+02  3.135729e+00  -1.745329e+00  1.548498e+00  1.230000e+02
0.000000e+00  -6.184627e+01  8.310780e+02  3.702115e+02  3.135729e+00  -1.745329e+00  1.548498e+00  1.230000e+02
0.000000e+00  -6.651586e+01  8.310780e+02  3.690112e+02  3.135729e+00  -1.745329e+00  1.548498e+00  1.230000e+02
0.000000e+00  -7.138651e+01  8.310780e+02  3.678228e+02  3.135729e+00  -1.745329e+00  1.548498e+00  1.230000e+02
0.000000e+00  -7.644936e+01  8.310780e+02  3.666583e+02  3.135729e+00  -1.745329e+00  1.548498e+00  1.230000e+02
0.000000e+00  -8.169456e+01  8.310780e+02  3.655300e+02  3.135729e+00  -1.745329e+00  1.548498e+00  1.230000e+02
0.000000e+00  -8.711136e+01  8.310780e+02  3.644502e+02  3.135729e+00  -1.745329e+00  1.548498e+00  1.230000e+02
0.000000e+00  -9.268803e+01  8.310780e+02  3.634303e+02  3.135729e+00  -1.745329e+00  1.548498e+00  1.230000e+02
0.000000e+00  -9.841198e+01  8.310780e+02  3.624817e+02  3.135729e+00  -1.745329e+00  1.548498e+00  1.230000e+02
0.000000e+00  -1.042697e+02  8.310780e+02  3.616147e+02  3.135729e+00  -1.745329e+00  1.548498e+00  1.230000e+02
0.000000e+00  -1.102469e+02  8.310780e+02  3.608393e+02  3.135729e+00  -1.745329e+00  1.548498e+00  1.230000e+02
0.000000e+00  -1.163285e+02  8.310780e+02  3.601643e+02  3.135729e+00  -1.745329e+00  1.548498e+00  1.230000e+02
0.000000e+00  -1.224986e+02  8.310780e+02  3.595976e+02  3.135729e+00  -1.745329e+00  1.548498e+00  1.230000e+02
0.000000e+00  -1.287407e+02  8.310780e+02  3.591466e+02  3.135729e+00  -1.745329e+00  1.548498e+00  1.230000e+02
0.000000e+00  -1.350378e+02  8.310780e+02  3.588171e+02  3.135729e+00  -1.745329e+00  1.548498e+00  1.230000e+02
0.000000e+00  -1.413723e+02  8.310780e+02  3.586142e+02  3.135729e+00  -1.745329e+00  1.548498e+00  1.230000e+02
0.000000e+00  -1.477264e+02  8.310780e+02  3.585420e+02  3.135729e+00  -1.745329e+00  1.548498e+00  1.230000e+02
0.000000e+00  -1.540816e+02  8.310780e+02  3.586033e+02  3.135729e+00  -1.745329e+00  1.548498e+00  1.230000e+02
0.000000e+00  -1.604197e+02  8.310780e+02  3.588002e+02  3.135729e+00  -1.745329e+00  1.548498e+00  1.230000e+02
0.000000e+00  -1.667221e+02  8.310780e+02  3.591336e+02  3.135729e+00  -1.745329e+00  1.548498e+00  1.230000e+02
0.000000e+00  -1.729707e+02  8.310780e+02  3.596034e+02  3.135729e+00  -1.745329e+00  1.548498e+00  1.230000e+02
0.000000e+00  -1.791472e+02  8.310780e+02  3.602087e+02  3.135729e+00  -1.745329e+00  1.548498e+00  1.230000e+02
0.000000e+00  -1.852339e+02  8.310780e+02  3.609475e+02  3.135729e+00  -1.745329e+00  1.548498e+00  1.230000e+02
0.000000e+00  -1.912135e+02  8.310780e+02  3.618173e+02  3.135729e+00  -1.745329e+00  1.548498e+00  1.230000e+02
0.000000e+00  -1.970692e+02  8.310780e+02  3.628142e+02  3.135729e+00  -1.745329e+00  1.548498e+00  1.230000e+02
0.000000e+00  -2.027854e+02  8.310780e+02  3.639339e+02  3.135729e+00  -1.745329e+00  1.548498e+00  1.230000e+02
0.000000e+00  -2.083471e+02  8.310780e+02  3.651715e+02  3.135729e+00  -1.745329e+00  1.548498e+00  1.230000e+02
0.000000e+00  -2.137403e+02  8.310780e+02  3.665213e+02  3.135729e+00  -1.745329e+00  1.548498e+00  1.230000e+02
0.000000e+00  -2.189521e+02  8.310780e+02  3.679767e+02  3.135729e+00  -1.745329e+00  1.548498e+00  1.230000e+02
0.000000e+00  -2.239712e+02  8.310780e+02  3.695309e+02  3.135729e+00  -1.745329e+00  1.548498e+00  1.230000e+02
0.000000e+00  -2.287872e+02  8.310780e+02  3.711764e+02  3.135729e+00  -1.745329e+00  1.548498e+00  1.230000e+02
0.000000e+00  -2.333912e+02  8.310780e+02  3.729054e+02  3.135729e+00  -1.745329e+00  1.548498e+00  1.230000e+02
0.000000e+00  -2.377758e+02  8.310780e+02  3.747097e+02  3.135729e+00  -1.745329e+00  1.548498e+00  1.230000e+02
0.000000e+00  -2.419348e+02  8.310780e+02  3.765807e+02  3.135729e+00  -1.745329e+00  1.548498e+00  1.230000e+02
0.000000e+00  -2.458637e+02  8.310780e+02  3.785094e+02  3.135729e+00  -1.745329e+00  1.548498e+00  1.230000e+02
0.000000e+00  -2.495595e+02  8.310780e+02  3.804869e+02  3.135729e+00  -1.745329e+00  1.548498e+00  1.230000e+02
0.000000e+00  -2.530200e+02  8.310780e+02  3.825037e+02  3.135729e+00  -1.745329e+00  1.548498e+00  1.230000e+02
0.000000e+00  -2.562451e+02  8.310780e+02  3.845509e+02  3.135729e+00  -1.745329e+00  1.548498e+00  1.230000e+02
0.000000e+00  -2.592356e+02  8.310780e+02  3.866188e+02  3.135729e+00  -1.745329e+00  1.548498e+00  1.230000e+02
0.000000e+00  -2.619933e+02  8.310780e+02  3.886981e+02  3.135729e+00  -1.745329e+00  1.548498e+00  1.230000e+02
0.000000e+00  -2.645214e+02  8.310780e+02  3.907796e+02  3.135729e+00  -1.745329e+00  1.548498e+00  1.230000e+02
0.000000e+00  -2.668240e+02  8.310780e+02  3.928541e+02  3.135729e+00  -1.745329e+00  1.548498e+00  1.230000e+02
0.000000e+00  -2.689059e+02  8.310780e+02  3.949125e+02  3.135729e+00  -1.745329e+00  1.548498e+00  1.230000e+02
0.000000e+00  -2.707728e+02  8.310780e+02  3.969459e+02  3.135729e+00  -1.745329e+00  1.548498e+00  1.230000e+02
0.000000e+00  -2.724307e+02  8.310780e+02  3.989458e+02  3.135729e+00  -1.745329e+00  1.548498e+00  1.230000e+02
0.000000e+00  -2.738862e+02  8.310780e+02  4.009035e+02  3.135729e+00  -1.745329e+00  1.548498e+00  1.230000e+02
0.000000e+00  -2.751460e+02  8.310780e+02  4.028112e+02  3.135729e+00  -1.745329e+00  1.548498e+00  1.230000e+02
0.000000e+00  -2.762170e+02  8.310780e+02  4.046609e+02  3.135729e+00  -1.745329e+00  1.548498e+00  1.230000e+02
0.000000e+00  -2.771056e+02  8.310780e+02  4.064452e+02  3.135729e+00  -1.745329e+00  1.548498e+00  1.230000e+02
0.000000e+00  -2.778185e+02  8.310780e+02  4.081566e+02  3.135729e+00  -1.745329e+00  1.548498e+00  1.230000e+02
0.000000e+00  -2.783616e+02  8.310780e+02  4.097882e+02  3.135729e+00  -1.745329e+00  1.548498e+00  1.230000e+02
0.000000e+00  -2.787402e+02  8.310780e+02  4.113336e+02  3.135729e+00  -1.745329e+00  1.548498e+00  1.230000e+02
0.000000e+00  -2.789592e+02  8.310780e+02  4.127861e+02  3.135729e+00  -1.745329e+00  1.548498e+00  1.230000e+02
0.000000e+00  -2.790221e+02  8.310780e+02  4.141399e+02  3.135729e+00  -1.745329e+00  1.548498e+00  1.230000e+02
0.000000e+00  -2.789320e+02  8.310780e+02  4.153891e+02  3.135729e+00  -1.745329e+00  1.548498e+00  1.230000e+02
0.000000e+00  -2.786907e+02  8.310780e+02  4.165280e+02  3.135729e+00  -1.745329e+00  1.548498e+00  1.230000e+02
0.000000e+00  -2.782990e+02  8.310780e+02  4.175515e+02  3.135729e+00  -1.745329e+00  1.548498e+00  1.230000e+02
0.000000e+00  -2.777567e+02  8.310780e+02  4.184545e+02  3.135729e+00  -1.745329e+00  1.548498e+00  1.230000e+02
0.000000e+00  -2.770625e+02  8.310780e+02  4.192324e+02  3.135729e+00  -1.745329e+00  1.548498e+00  1.230000e+02
0.000000e+00  -2.762140e+02  8.310780e+02  4.198807e+02  3.135729e+00  -1.745329e+00  1.548498e+00  1.230000e+02
0.000000e+00  -2.752080e+02  8.310780e+02  4.203954e+02  3.135729e+00  -1.745329e+00  1.548498e+00  1.230000e+02
0.000000e+00  -2.740404e+02  8.310780e+02  4.207728e+02  3.135729e+00  -1.745329e+00  1.548498e+00  1.230000e+02
0.000000e+00  -2.727063e+02  8.310780e+02  4.210098e+02  3.135729e+00  -1.745329e+00  1.548498e+00  1.230000e+02
0.000000e+00  -2.712007e+02  8.310780e+02  4.211037e+02  3.135729e+00  -1.745329e+00  1.548498e+00  1.230000e+02
0.000000e+00  -2.695175e+02  8.310780e+02  4.210526e+02  3.135729e+00  -1.745329e+00  1.548498e+00  1.230000e+02
0.000000e+00  -2.676512e+02  8.310780e+02  4.208550e+02  3.135729e+00  -1.745329e+00  1.548498e+00  1.230000e+02
0.000000e+00  -2.655959e+02  8.310780e+02  4.205106e+02  3.135729e+00  -1.745329e+00  1.548498e+00  1.230000e+02
0.000000e+00  -2.633458e+02  8.310780e+02  4.200198e+02  3.135729e+00  -1.745329e+00  1.548498e+00  1.230000e+02
0.000000e+00  -2.608958e+02  8.310780e+02  4.193839e+02  3.135729e+00  -1.745329e+00  1.548498e+00  1.230000e+02
0.000000e+00  -2.582411e+02  8.310780e+02  4.186054e+02  3.135729e+00  -1.745329e+00  1.548498e+00  1.230000e+02
0.000000e+00  -2.553777e+02  8.310780e+02  4.176880e+02  3.135729e+00  -1.745329e+00  1.548498e+00  1.230000e+02
0.000000e+00  -2.523026e+02  8.310780e+02  4.166366e+02  3.135729e+00  -1.745329e+00  1.548498e+00  1.230000e+02
0.000000e+00  -2.490134e+02  8.310780e+02  4.154574e+02  3.135729e+00  -1.745329e+00  1.548498e+00  1.230000e+02
0.000000e+00  -2.455090e+02  8.310780e+02  4.141579e+02  3.135729e+00  -1.745329e+00  1.548498e+00  1.230000e+02
0.000000e+00  -2.417892e+02  8.310780e+02  4.127470e+02  3.135729e+00  -1.745329e+00  1.548498e+00  1.230000e+02
0.000000e+00  -2.378552e+02  8.310780e+02  4.112349e+02  3.135729e+00  -1.745329e+00  1.548498e+00  1.230000e+02
0.000000e+00  -2.337091e+02  8.310780e+02  4.096333e+02  3.135729e+00  -1.745329e+00  1.548498e+00  1.230000e+02
0.000000e+00  -2.293542e+02  8.310780e+02  4.079550e+02  3.135729e+00  -1.745329e+00  1.548498e+00  1.230000e+02
0.000000e+00  -2.247950e+02  8.310780e+02  4.062138e+02  3.135729e+00  -1.745329e+00  1.548498e+00  1.230000e+02
0.000000e+00  -2.200371e+02  8.310780e+02  4.044248e+02  3.135729e+00  -1.745329e+00  1.548498e+00  1.230000e+02
0.000000e+00  -2.150870e+02  8.310780e+02  4.026041e+02  3.135729e+00  -1.745329e+00  1.548498e+00  1.230000e+02
0.000000e+00  -2.099523e+02  8.310780e+02  4.007684e+02  3.135729e+00  -1.745329e+00  1.548498e+00  1.230000e+02
0.000000e+00  -2.046417e+02  8.310780e+02  3.989350e+02  3.135729e+00  -1.745329e+00  1.548498e+00  1.230000e+02
0.000000e+00  -1.991646e+02  8.310780e+02  3.971217e+02  3.135729e+00  -1.745329e+00  1.548498e+00  1.230000e+02
0.000000e+00  -1.935312e+02  8.310780e+02  3.953463e+02  3.135729e+00  -1.745329e+00  1.548498e+00  1.230000e+02
0.000000e+00  -1.877526e+02  8.310780e+02  3.936267e+02  3.135729e+00  -1.745329e+00  1.548498e+00  1.230000e+02
0.000000e+00  -1.818405e+02  8.310780e+02  3.919806e+02  3.135729e+00  -1.745329e+00  1.548498e+00  1.230000e+02
0.000000e+00  -1.758074e+02  8.310780e+02  3.904249e+02  3.135729e+00  -1.745329e+00  1.548498e+00  1.230000e+02
0.000000e+00  -1.696660e+02  8.310780e+02  3.889758e+02  3.135729e+00  -1.745329e+00  1.548498e+00  1.230000e+02
0.000000e+00  -1.634297e+02  8.310780e+02  3.876488e+02  3.135729e+00  -1.745329e+00  1.548498e+00  1.230000e+02
0.000000e+00  -1.571123e+02  8.310780e+02  3.864580e+02  3.135729e+00  -1.745329e+00  1.548498e+00  1.230000e+02
0.000000e+00  -1.507279e+02  8.310780e+02  3.854163e+02  3.135729e+00  -1.745329e+00  1.548498e+00  1.230000e+02
0.000000e+00  -1.442908e+02  8.310780e+02  3.845350e+02  3.135729e+00  -1.745329e+00  1.548498e+00  1.230000e+02
0.000000e+00  -1.378155e+02  8.310780e+02  3.838238e+02  3.135729e+00  -1.745329e+00  1.548498e+00  1.230000e+02
0.000000e+00  -1.313164e+02  8.310780e+02  3.832905e+02  3.135729e+00  -1.745329e+00  1.548498e+00  1.230000e+02
0.000000e+00  -1.248083e+02  8.310780e+02  3.829414e+02  3.135729e+00  -1.745329e+00  1.548498e+00  1.230000e+02
0.000000e+00  -1.183055e+02  8.310780e+02  3.827808e+02  3.135729e+00  -1.745329e+00  1.548498e+00  1.230000e+02
0.000000e+00  -1.118223e+02  8.310780e+02  3.828110e+02  3.135729e+00  -1.745329e+00  1.548498e+00  1.230000e+02
0.000000e+00  -1.053729e+02  8.310780e+02  3.830325e+02  3.135729e+00  -1.745329e+00  1.548498e+00  1.230000e+02
0.000000e+00  -9.897115e+01  8.310780e+02  3.834439e+02  3.135729e+00  -1.745329e+00  1.548498e+00  1.230000e+02
0.000000e+00  -9.263045e+01  8.310780e+02  3.840421e+02  3.135729e+00  -1.745329e+00  1.548498e+00  1.230000e+02
0.000000e+00  -8.636393e+01  8.310780e+02  3.848220e+02  3.135729e+00  -1.745329e+00  1.548498e+00  1.230000e+02
0.000000e+00  -8.018424e+01  8.310780e+02  3.857770e+02  3.135729e+00  -1.745329e+00  1.548498e+00  1.230000e+02
0.000000e+00  -7.410355e+01  8.310780e+02  3.868987e+02  3.135729e+00  -1.745329e+00  1.548498e+00  1.230000e+02
0.000000e+00  -6.813353e+01  8.310780e+02  3.881773e+02  3.135729e+00  -1.745329e+00  1.548498e+00  1.230000e+02
0.000000e+00  -6.228529e+01  8.310780e+02  3.896015e+02  3.135729e+00  -1.745329e+00  1.548498e+00  1.230000e+02
0.000000e+00  -5.656939e+01  8.310780e+02  3.911586e+02  3.135729e+00  -1.745329e+00  1.548498e+00  1.230000e+02
0.000000e+00  -5.099581e+01  8.310780e+02  3.928345e+02  3.135729e+00  -1.745329e+00  1.548498e+00  1.230000e+02
0.000000e+00  -4.557396e+01  8.310780e+02  3.946140e+02  3.135729e+00  -1.745329e+00  1.548498e+00  1.230000e+02
0.000000e+00  -4.031263e+01  8.310780e+02  3.964806e+02  3.135729e+00  -1.745329e+00  1.548498e+00  1.230000e+02
0.000000e+00  -3.522011e+01  8.310780e+02  3.984170e+02  3.135729e+00  -1.745329e+00  1.548498e+00  1.230000e+02
0.000000e+00  -3.030405e+01  8.310780e+02  4.004048e+02  3.135729e+00  -1.745329e+00  1.548498e+00  1.230000e+02
0.000000e+00  -2.557158e+01  8.310780e+02  4.024242e+02  3.135729e+00  -1.745329e+00  1.548498e+00  1.230000e+02
0.000000e+00  -2.102936e+01  8.310780e+02  4.044551e+02  3.135729e+00  -1.745329e+00  1.548498e+00  1.230000e+02
0.000000e+00  -1.668346e+01  8.310780e+02  4.064762e+02  3.135729e+00  -1.745329e+00  1.548498e+00  1.230000e+02
0.000000e+00  -1.253958e+01  8.310780e+02  4.084654e+02  3.135729e+00  -1.745329e+00  1.548498e+00  1.230000e+02
0.000000e+00  -8.602936e+00  8.310780e+02  4.104003e+02  3.135729e+00  -1.745329e+00  1.548498e+00  1.230000e+02
0.000000e+00  -4.878352e+00  8.310780e+02  4.122574e+02  3.135729e+00  -1.745329e+00  1.548498e+00  1.230000e+02
0.000000e+00  -1.370289e+00  8.310780e+02  4.140131e+02  3.135729e+00  -1.745329e+00  1.548498e+00  1.230000e+02
0.000000e+00  1.917137e+00  8.310780e+02  4.156432e+02  3.135729e+00  -1.745329e+00  1.548498e+00  1.230000e+02
0.000000e+00  4.980118e+00  8.310780e+02  4.171233e+02  3.135729e+00  -1.745329e+00  1.548498e+00  1.230000e+02
0.000000e+00  7.815131e+00  8.310780e+02  4.184292e+02  3.135729e+00  -1.745329e+00  1.548498e+00  1.230000e+02
0.000000e+00  1.041892e+01  8.310780e+02  4.195366e+02  3.135729e+00  -1.745329e+00  1.548498e+00  1.230000e+02
0.000000e+00  1.278846e+01  8.310780e+02  4.204221e+02  3.135729e+00  -1.745329e+00  1.548498e+00  1.230000e+02
0.000000e+00  1.492096e+01  8.310780e+02  4.210623e+02  3.135729e+00  -1.745329e+00  1.548498e+00  1.230000e+02
0.000000e+00  1.681379e+01  8.310780e+02  4.214354e+02  3.135729e+00  -1.745329e+00  1.548498e+00  1.230000e+02
0.000000e+00  1.846453e+01  8.310780e+02  4.215207e+02  3.135729e+00  -1.745329e+00  1.548498e+00  1.230000e+02
0.000000e+00  1.987086e+01  8.310780e+02  4.212989e+02  3.135729e+00  -1.745329e+00  1.548498e+00  1.230000e+02
0.000000e+00  2.103057e+01  8.310780e+02  4.207527e+02  3.135729e+00  -1.745329e+00  1.548498e+00  1.230000e+02
0.000000e+00  2.194154e+01  8.310780e+02  4.198672e+02  3.135729e+00  -1.745329e+00  1.548498e+00  1.230000e+02
0.000000e+00  2.260161e+01  8.310780e+02  4.186294e+02  3.135729e+00  -1.745329e+00  1.548498e+00  1.230000e+02
0.000000e+00  2.300863e+01  8.310780e+02  4.170297e+02  3.135729e+00  -1.745329e+00  1.548498e+00  1.230000e+02
0.000000e+00  2.316032e+01  8.310780e+02  4.150610e+02  3.135729e+00  -1.745329e+00  1.548498e+00  1.230000e+02
0.000000e+00  2.305426e+01  8.310780e+02  4.127193e+02  3.135729e+00  -1.745329e+00  1.548498e+00  1.230000e+02
0.000000e+00  2.268780e+01  8.310780e+02  4.100042e+02  3.135729e+00  -1.745329e+00  1.548498e+00  1.230000e+02
0.000000e+00  2.205801e+01  8.310780e+02  4.069182e+02  3.135729e+00  -1.745329e+00  1.548498e+00  1.230000e+02
0.000000e+00  2.116164e+01  8.310780e+02  4.034676e+02  3.135729e+00  -1.745329e+00  1.548498e+00  1.230000e+02
0.000000e+00  1.999512e+01  8.310780e+02  3.996617e+02  3.135729e+00  -1.745329e+00  1.548498e+00  1.230000e+02
0.000000e+00  1.855448e+01  8.310780e+02  3.955135e+02  3.135729e+00  -1.745329e+00  1.548498e+00  1.230000e+02
0.000000e+00  1.683544e+01  8.310780e+02  3.910390e+02  3.135729e+00  -1.745329e+00  1.548498e+00  1.230000e+02
0.000000e+00  1.483341e+01  8.310780e+02  3.862573e+02  3.135729e+00  -1.745329e+00  1.548498e+00  1.230000e+02
0.000000e+00  1.254359e+01  8.310780e+02  3.811902e+02  3.135729e+00  -1.745329e+00  1.548498e+00  1.230000e+02
0.000000e+00  9.961053e+00  8.310780e+02  3.758628e+02  3.135729e+00  -1.745329e+00  1.548498e+00  1.230000e+02
0.000000e+00  7.080934e+00  8.310780e+02  3.703018e+02  3.135729e+00  -1.745329e+00  1.548498e+00  1.230000e+02
0.000000e+00  3.898597e+00  8.310780e+02  3.645364e+02  3.135729e+00  -1.745329e+00  1.548498e+00  1.230000e+02
0.000000e+00  4.098713e-01  8.310780e+02  3.585978e+02  3.135729e+00  -1.745329e+00  1.548498e+00  1.230000e+02
0.000000e+00  -3.388728e+00  8.310780e+02  3.525184e+02  3.135729e+00  -1.745329e+00  1.548498e+00  1.230000e+02
0.000000e+00  -7.499711e+00  8.310780e+02  3.463320e+02  3.135729e+00  -1.745329e+00  1.548498e+00  1.230000e+02
0.000000e+00  -1.192432e+01  8.310780e+02  3.400731e+02  3.135729e+00  -1.745329e+00  1.548498e+00  1.230000e+02
0.000000e+00  -1.666224e+01  8.310780e+02  3.337770e+02  3.135729e+00  -1.745329e+00  1.548498e+00  1.230000e+02
0.000000e+00  -2.171131e+01  8.310780e+02  3.274790e+02  3.135729e+00  -1.745329e+00  1.548498e+00  1.230000e+02
0.000000e+00  -2.706721e+01  8.310780e+02  3.212146e+02  3.135729e+00  -1.745329e+00  1.548498e+00  1.230000e+02
0.000000e+00  -3.272323e+01  8.310780e+02  3.150190e+02  3.135729e+00  -1.745329e+00  1.548498e+00  1.230000e+02
0.000000e+00  -3.867004e+01  8.310780e+02  3.089270e+02  3.135729e+00  -1.745329e+00  1.548498e+00  1.230000e+02
0.000000e+00  -4.489542e+01  8.310780e+02  3.029725e+02  3.135729e+00  -1.745329e+00  1.548498e+00  1.230000e+02
0.000000e+00  -5.138423e+01  8.310780e+02  2.971888e+02  3.135729e+00  -1.745329e+00  1.548498e+00  1.230000e+02
0.000000e+00  -5.811819e+01  8.310780e+02  2.916079e+02  3.135729e+00  -1.745329e+00  1.548498e+00  1.230000e+02
0.000000e+00  -6.507590e+01  8.310780e+02  2.862610e+02  3.135729e+00  -1.745329e+00  1.548498e+00  1.230000e+02
0.000000e+00  -7.223286e+01  8.310780e+02  2.811775e+02  3.135729e+00  -1.745329e+00  1.548498e+00  1.230000e+02
0.000000e+00  -7.956151e+01  8.310780e+02  2.763860e+02  3.135729e+00  -1.745329e+00  1.548498e+00  1.230000e+02
0.000000e+00  -8.703145e+01  8.310780e+02  2.719132e+02  3.135729e+00  -1.745329e+00  1.548498e+00  1.230000e+02
0.000000e+00  -9.460957e+01  8.310780e+02  2.677845e+02  3.135729e+00  -1.745329e+00  1.548498e+00  1.230000e+02
0.000000e+00  -1.022604e+02  8.310780e+02  2.640233e+02  3.135729e+00  -1.745329e+00  1.548498e+00  1.230000e+02
0.000000e+00  -1.099466e+02  8.310780e+02  2.606514e+02  3.135729e+00  -1.745329e+00  1.548498e+00  1.230000e+02
0.000000e+00  -1.176288e+02  8.310780e+02  2.576887e+02  3.135729e+00  -1.745329e+00  1.548498e+00  1.230000e+02
0.000000e+00  -1.252669e+02  8.310780e+02  2.551530e+02  3.135729e+00  -1.745329e+00  1.548498e+00  1.230000e+02
0.000000e+00  -1.328199e+02  8.310780e+02  2.530601e+02  3.135729e+00  -1.745329e+00  1.548498e+00  1.230000e+02
0.000000e+00  -1.402468e+02  8.310780e+02  2.514232e+02  3.135729e+00  -1.745329e+00  1.548498e+00  1.230000e+02
0.000000e+00  -1.475068e+02  8.310780e+02  2.502534e+02  3.135729e+00  -1.745329e+00  1.548498e+00  1.230000e+02
0.000000e+00  -1.545602e+02  8.310780e+02  2.495591e+02  3.135729e+00  -1.745329e+00  1.548498e+00  1.230000e+02
0.000000e+00  -1.613688e+02  8.310780e+02  2.493461e+02  3.135729e+00  -1.745329e+00  1.548498e+00  1.230000e+02
0.000000e+00  -1.678965e+02  8.310780e+02  2.496174e+02  3.135729e+00  -1.754713e+00  1.548498e+00  1.230000e+02
0.000000e+00  -1.741098e+02  8.310780e+02  2.503733e+02  3.135729e+00  -1.764096e+00  1.548498e+00  1.230000e+02
0.000000e+00  -1.799781e+02  8.310780e+02  2.516113e+02  3.135729e+00  -1.773480e+00  1.548498e+00  1.230000e+02
0.000000e+00  -1.854741e+02  8.310780e+02  2.533257e+02  3.135729e+00  -1.782863e+00  1.548498e+00  1.230000e+02
0.000000e+00  -1.905747e+02  8.310780e+02  2.555082e+02  3.135729e+00  -1.792247e+00  1.548498e+00  1.230000e+02
0.000000e+00  -1.952604e+02  8.310780e+02  2.581478e+02  3.135729e+00  -1.801630e+00  1.548498e+00  1.230000e+02
0.000000e+00  -1.995164e+02  8.310780e+02  2.612305e+02  3.135729e+00  -1.811014e+00  1.548498e+00  1.230000e+02
0.000000e+00  -2.033316e+02  8.310780e+02  2.647400e+02  3.135729e+00  -1.820397e+00  1.548498e+00  1.230000e+02
0.000000e+00  -2.067000e+02  8.310780e+02  2.686572e+02  3.135729e+00  -1.829781e+00  1.548498e+00  1.230000e+02
0.000000e+00  -2.096196e+02  8.310780e+02  2.729609e+02  3.135729e+00  -1.839164e+00  1.548498e+00  1.230000e+02
0.000000e+00  -2.120930e+02  8.310780e+02  2.776280e+02  3.135729e+00  -1.848548e+00  1.548498e+00  1.230000e+02
0.000000e+00  -2.141265e+02  8.310780e+02  2.826332e+02  3.135729e+00  -1.857931e+00  1.548498e+00  1.230000e+02
0.000000e+00  -2.157310e+02  8.310780e+02  2.879498e+02  3.135729e+00  -1.867315e+00  1.548498e+00  1.230000e+02
0.000000e+00  -2.169202e+02  8.310780e+02  2.935494e+02  3.135729e+00  -1.876698e+00  1.548498e+00  1.230000e+02
0.000000e+00  -2.177119e+02  8.310780e+02  2.994029e+02  3.135729e+00  -1.886082e+00  1.548498e+00  1.230000e+02
0.000000e+00  -2.181263e+02  8.310780e+02  3.054801e+02  3.135729e+00  -1.895465e+00  1.548498e+00  1.230000e+02
0.000000e+00  -2.181866e+02  8.310780e+02  3.117501e+02  3.135729e+00  -1.904849e+00  1.548498e+00  1.230000e+02
0.000000e+00  -2.179178e+02  8.310780e+02  3.181817e+02  3.135729e+00  -1.914232e+00  1.548498e+00  1.230000e+02
0.000000e+00  -2.173468e+02  8.310780e+02  3.247438e+02  3.135729e+00  -1.923616e+00  1.548498e+00  1.230000e+02
0.000000e+00  -2.165016e+02  8.310780e+02  3.314051e+02  3.135729e+00  -1.932999e+00  1.548498e+00  1.230000e+02
0.000000e+00  -2.154111e+02  8.310780e+02  3.381349e+02  3.135729e+00  -1.942383e+00  1.548498e+00  1.230000e+02
0.000000e+00  -2.141046e+02  8.310780e+02  3.449029e+02  3.135729e+00  -1.951766e+00  1.548498e+00  1.230000e+02
0.000000e+00  -2.126112e+02  8.310780e+02  3.516796e+02  3.135729e+00  -1.961150e+00  1.548498e+00  1.230000e+02
0.000000e+00  -2.109597e+02  8.310780e+02  3.584365e+02  3.135729e+00  -1.970533e+00  1.548498e+00  1.230000e+02
0.000000e+00  -2.091780e+02  8.310780e+02  3.651462e+02  3.135729e+00  -1.979917e+00  1.548498e+00  1.230000e+02
0.000000e+00  -2.072926e+02  8.310780e+02  3.717826e+02  3.135729e+00  -1.989300e+00  1.548498e+00  1.230000e+02
0.000000e+00  -2.053288e+02  8.310780e+02  3.783209e+02  3.135729e+00  -1.998683e+00  1.548498e+00  1.230000e+02
0.000000e+00  -2.033100e+02  8.310780e+02  3.847379e+02  3.135729e+00  -2.008067e+00  1.548498e+00  1.230000e+02
0.000000e+00  -2.012574e+02  8.310780e+02  3.910120e+02  3.135729e+00  -2.017450e+00  1.548498e+00  1.230000e+02
0.000000e+00  -1.991902e+02  8.310780e+02  3.971231e+02  3.135729e+00  -2.026834e+00  1.548498e+00  1.230000e+02
0.000000e+00  -1.971247e+02  8.310780e+02  4.030532e+02  3.135729e+00  -2.036217e+00  1.548498e+00  1.230000e+02
0.000000e+00  -1.950751e+02  8.310780e+02  4.087863e+02  3.135729e+00  -2.045601e+00  1.548498e+00  1.230000e+02
0.000000e+00  -1.930526e+02  8.310780e+02  4.143082e+02  3.135729e+00  -2.054984e+00  1.548498e+00  1.230000e+02
0.000000e+00  -1.910657e+02  8.310780e+02  4.196071e+02  3.135729e+00  -2.064368e+00  1.548498e+00  1.230000e+02
0.000000e+00  -1.891199e+02  8.310780e+02  4.246733e+02  3.135729e+00  -2.073751e+00  1.548498e+00  1.230000e+02
0.000000e+00  -1.872178e+02  8.310780e+02  4.294995e+02  3.135729e+00  -2.083135e+00  1.548498e+00  1.230000e+02
0.000000e+00  -1.853590e+02  8.310780e+02  4.340809e+02  3.135729e+00  -2.092518e+00  1.548498e+00  1.230000e+02
0.000000e+00  -1.835401e+02  8.310780e+02  4.384157e+02  3.135729e+00  -2.101902e+00  1.548498e+00  1.230000e+02
0.000000e+00  -1.817547e+02  8.310780e+02  4.425049e+02  3.135729e+00  -2.111285e+00  1.548498e+00  1.230000e+02
0.000000e+00  -1.799935e+02  8.310780e+02  4.463519e+02  3.135729e+00  -2.120669e+00  1.548498e+00  1.230000e+02
0.000000e+00  -1.782440e+02  8.310780e+02  4.499639e+02  3.135729e+00  -2.130052e+00  1.548498e+00  1.230000e+02
0.000000e+00  -1.764910e+02  8.310780e+02  4.533512e+02  3.135729e+00  -2.139436e+00  1.548498e+00  1.230000e+02
0.000000e+00  -1.747162e+02  8.310780e+02  4.565273e+02  3.135729e+00  -2.148819e+00  1.548498e+00  1.230000e+02
0.000000e+00  -1.728987e+02  8.310780e+02  4.595093e+02  3.135729e+00  -2.158203e+00  1.548498e+00  1.230000e+02
0.000000e+00  -1.710144e+02  8.310780e+02  4.623177e+02  3.135729e+00  -2.167586e+00  1.548498e+00  1.230000e+02
0.000000e+00  -1.690368e+02  8.310780e+02  4.649767e+02  3.135729e+00  -2.176970e+00  1.548498e+00  1.230000e+02
0.000000e+00  -1.669365e+02  8.310780e+02  4.675143e+02  3.135729e+00  -2.186353e+00  1.548498e+00  1.230000e+02
0.000000e+00  -1.646817e+02  8.310780e+02  4.699620e+02  3.135729e+00  -2.195737e+00  1.548498e+00  1.230000e+02
0.000000e+00  -1.622379e+02  8.310780e+02  4.723545e+02  3.135729e+00  -2.205120e+00  1.548498e+00  1.230000e+02
0.000000e+00  -1.595681e+02  8.310780e+02  4.747308e+02  3.135729e+00  -2.214504e+00  1.548498e+00  1.230000e+02
0.000000e+00  -1.566330e+02  8.310780e+02  4.771327e+02  3.135729e+00  -2.223887e+00  1.548498e+00  1.230000e+02
0.000000e+00  -1.533908e+02  8.310780e+02  4.796056e+02  3.135729e+00  -2.233271e+00  1.548498e+00  1.230000e+02
0.000000e+00  -1.497976e+02  8.310780e+02  4.821980e+02  3.135729e+00  -2.242654e+00  1.548498e+00  1.230000e+02
0.000000e+00  -1.458071e+02  8.310780e+02  4.849612e+02  3.135729e+00  -2.252038e+00  1.548498e+00  1.230000e+02
0.000000e+00  -1.413708e+02  8.310780e+02  4.879497e+02  3.135729e+00  -2.261421e+00  1.548498e+00  1.230000e+02
0.000000e+00  -1.364384e+02  8.310780e+02  4.912203e+02  3.135729e+00  -2.270805e+00  1.548498e+00  1.230000e+02
0.000000e+00  -1.309570e+02  8.310780e+02  4.948324e+02  3.135729e+00  -2.280188e+00  1.548498e+00  1.230000e+02
0.000000e+00  -1.248720e+02  8.310780e+02  4.988472e+02  3.135729e+00  -2.289572e+00  1.548498e+00  1.230000e+02
0.000000e+00  -1.181267e+02  8.310780e+02  5.033280e+02  3.135729e+00  -2.298955e+00  1.548498e+00  1.230000e+02
0.000000e+00  -1.106623e+02  8.310780e+02  5.083400e+02  3.135729e+00  -2.308339e+00  1.548498e+00  1.230000e+02
0.000000e+00  -1.041828e+02  8.310780e+02  5.124044e+02  3.135729e+00  -2.317722e+00  1.548498e+00  1.230000e+02
0.000000e+00  -9.862130e+01  8.310780e+02  5.156011e+02  3.135729e+00  -2.327106e+00  1.548498e+00  1.230000e+02
0.000000e+00  -9.391348e+01  8.310780e+02  5.180060e+02  3.135729e+00  -2.336489e+00  1.548498e+00  1.230000e+02
0.000000e+00  -8.999820e+01  8.310780e+02  5.196922e+02  3.135729e+00  -2.345873e+00  1.548498e+00  1.230000e+02
0.000000e+00  -8.681671e+01  8.310780e+02  5.207289e+02  3.135729e+00  -2.355256e+00  1.548498e+00  1.230000e+02
0.000000e+00  -8.431311e+01  8.310780e+02  5.211816e+02  3.135729e+00  -2.364640e+00  1.548498e+00  1.230000e+02
0.000000e+00  -8.243422e+01  8.310780e+02  5.211122e+02  3.135729e+00  -2.374023e+00  1.548498e+00  1.230000e+02
0.000000e+00  -8.112930e+01  8.310780e+02  5.205784e+02  3.135729e+00  -2.383407e+00  1.548498e+00  1.230000e+02
0.000000e+00  -8.035024e+01  8.310780e+02  5.196343e+02  3.135729e+00  -2.392790e+00  1.548498e+00  1.230000e+02
0.000000e+00  -8.005116e+01  8.310780e+02  5.183301e+02  3.135729e+00  -2.402174e+00  1.548498e+00  1.230000e+02
0.000000e+00  -8.018866e+01  8.310780e+02  5.167121e+02  3.135729e+00  -2.411557e+00  1.548498e+00  1.230000e+02
0.000000e+00  -8.072135e+01  8.310780e+02  5.148226e+02  3.135729e+00  -2.420941e+00  1.548498e+00  1.230000e+02
0.000000e+00  -8.161025e+01  8.310780e+02  5.127006e+02  3.135729e+00  -2.430324e+00  1.548498e+00  1.230000e+02
0.000000e+00  -8.281810e+01  8.310780e+02  5.103812e+02  3.135729e+00  -2.439708e+00  1.548498e+00  1.230000e+02
0.000000e+00  -8.430987e+01  8.310780e+02  5.078961e+02  3.135729e+00  -2.449091e+00  1.548498e+00  1.230000e+02
0.000000e+00  -8.605210e+01  8.310780e+02  5.052739e+02  3.135729e+00  -2.458475e+00  1.548498e+00  1.230000e+02
0.000000e+00  -8.801337e+01  8.310780e+02  5.025400e+02  3.135729e+00  -2.467858e+00  1.548498e+00  1.230000e+02
0.000000e+00  -9.016336e+01  8.310780e+02  4.997168e+02  3.135729e+00  -2.477242e+00  1.548498e+00  1.230000e+02
0.000000e+00  -9.247394e+01  8.310780e+02  4.968247e+02  3.135729e+00  -2.486625e+00  1.548498e+00  1.230000e+02
0.000000e+00  -9.491790e+01  8.310780e+02  4.938807e+02  3.135729e+00  -2.496009e+00  1.548498e+00  1.230000e+02
0.000000e+00  -9.746954e+01  8.310780e+02  4.909008e+02  3.135729e+00  -2.505392e+00  1.548498e+00  1.230000e+02
0.000000e+00  -1.001045e+02  8.310780e+02  4.878981e+02  3.135729e+00  -2.514775e+00  1.548498e+00  1.230000e+02
0.000000e+00  -1.027992e+02  8.310780e+02  4.848847e+02  3.135729e+00  -2.524159e+00  1.548498e+00  1.230000e+02
0.000000e+00  -1.055317e+02  8.310780e+02  4.818710e+02  3.135729e+00  -2.533542e+00  1.548498e+00  1.230000e+02
0.000000e+00  -1.082803e+02  8.310780e+02  4.788663e+02  3.135729e+00  -2.542926e+00  1.548498e+00  1.230000e+02
0.000000e+00  -1.110247e+02  8.310780e+02  4.758791e+02  3.135729e+00  -2.552309e+00  1.548498e+00  1.230000e+02
0.000000e+00  -1.137448e+02  8.310780e+02  4.729171e+02  3.135729e+00  -2.561693e+00  1.548498e+00  1.230000e+02
0.000000e+00  -1.164218e+02  8.310780e+02  4.699875e+02  3.135729e+00  -2.571076e+00  1.548498e+00  1.230000e+02
0.000000e+00  -1.190366e+02  8.310780e+02  4.670972e+02  3.135729e+00  -2.580460e+00  1.548498e+00  1.230000e+02
0.000000e+00  -1.215712e+02  8.310780e+02  4.642530e+02  3.135729e+00  -2.589843e+00  1.548498e+00  1.230000e+02
0.000000e+00  -1.240077e+02  8.310780e+02  4.614616e+02  3.135729e+00  -2.599227e+00  1.548498e+00  1.230000e+02
0.000000e+00  -1.263282e+02  8.310780e+02  4.587301e+02  3.135729e+00  -2.608610e+00  1.548498e+00  1.230000e+02
0.000000e+00  -1.285152e+02  8.310780e+02  4.560656e+02  3.135729e+00  -2.617994e+00  1.548498e+00  1.230000e+02
0.000000e+00  -1.305509e+02  8.310780e+02  4.534758e+02  3.135729e+00  -2.617994e+00  1.548498e+00  1.230000e+02
0.000000e+00  -1.324175e+02  8.310780e+02  4.509687e+02  3.135729e+00  -2.617994e+00  1.548498e+00  1.230000e+02
0.000000e+00  -1.340971e+02  8.310780e+02  4.485529e+02  3.135729e+00  -2.617994e+00  1.548498e+00  1.230000e+02
0.000000e+00  -1.355712e+02  8.310780e+02  4.462376e+02  3.135729e+00  -2.617994e+00  1.548498e+00  1.230000e+02
0.000000e+00  -1.368547e+02  8.310780e+02  4.440174e+02  3.135729e+00  -2.617994e+00  1.548498e+00  1.230000e+02
0.000000e+00  -1.379620e+02  8.310780e+02  4.418878e+02  3.135729e+00  -2.617994e+00  1.548498e+00  1.230000e+02
0.000000e+00  -1.389070e+02  8.310780e+02  4.398447e+02  3.135729e+00  -2.617994e+00  1.548498e+00  1.230000e+02
0.000000e+00  -1.397032e+02  8.310780e+02  4.378846e+02  3.135729e+00  -2.617994e+00  1.548498e+00  1.230000e+02
0.000000e+00  -1.403633e+02  8.310780e+02  4.360041e+02  3.135729e+00  -2.617994e+00  1.548498e+00  1.230000e+02
0.000000e+00  -1.408998e+02  8.310780e+02  4.342007e+02  3.135729e+00  -2.617994e+00  1.548498e+00  1.230000e+02
0.000000e+00  -1.413244e+02  8.310780e+02  4.324718e+02  3.135729e+00  -2.617994e+00  1.548498e+00  1.230000e+02
0.000000e+00  -1.416485e+02  8.310780e+02  4.308153e+02  3.135729e+00  -2.617994e+00  1.548498e+00  1.230000e+02
0.000000e+00  -1.418827e+02  8.310780e+02  4.292294e+02  3.135729e+00  -2.617994e+00  1.548498e+00  1.230000e+02
0.000000e+00  -1.420373e+02  8.310780e+02  4.277122e+02  3.135729e+00  -2.617994e+00  1.548498e+00  1.230000e+02
0.000000e+00  -1.421217e+02  8.310780e+02  4.262621e+02  3.135729e+00  -2.617994e+00  1.548498e+00  1.230000e+02
0.000000e+00  -1.421449e+02  8.310780e+02  4.248775e+02  3.135729e+00  -2.617994e+00  1.548498e+00  1.230000e+02
0.000000e+00  -1.421156e+02  8.310780e+02  4.235567e+02  3.135729e+00  -2.617994e+00  1.548498e+00  1.230000e+02
0.000000e+00  -1.420415e+02  8.310780e+02  4.222980e+02  3.135729e+00  -2.617994e+00  1.548498e+00  1.230000e+02
0.000000e+00  -1.419299e+02  8.310780e+02  4.210998e+02  3.135729e+00  -2.617994e+00  1.548498e+00  1.230000e+02
0.000000e+00  -1.417877e+02  8.310780e+02  4.199604e+02  3.135729e+00  -2.617994e+00  1.548498e+00  1.230000e+02
0.000000e+00  -1.416210e+02  8.310780e+02  4.188779e+02  3.135729e+00  -2.617994e+00  1.548498e+00  1.230000e+02
0.000000e+00  -1.414357e+02  8.310780e+02  4.178502e+02  3.135729e+00  -2.617994e+00  1.548498e+00  1.230000e+02
0.000000e+00  -1.412369e+02  8.310780e+02  4.168754e+02  3.135729e+00  -2.617994e+00  1.548498e+00  1.230000e+02
0.000000e+00  -1.410295e+02  8.310780e+02  4.159509e+02  3.135729e+00  -2.617994e+00  1.548498e+00  1.230000e+02
0.000000e+00  -1.408176e+02  8.310780e+02  4.150746e+02  3.135729e+00  -2.617994e+00  1.548498e+00  1.230000e+02
0.000000e+00  -1.406054e+02  8.310780e+02  4.142439e+02  3.135729e+00  -2.617994e+00  1.548498e+00  1.230000e+02
0.000000e+00  -1.403959e+02  8.310780e+02  4.134563e+02  3.135729e+00  -2.617994e+00  1.548498e+00  1.230000e+02
0.000000e+00  -1.401924e+02  8.310780e+02  4.127089e+02  3.135729e+00  -2.617994e+00  1.548498e+00  1.230000e+02
0.000000e+00  -1.399975e+02  8.310780e+02  4.119990e+02  3.135729e+00  -2.617994e+00  1.548498e+00  1.230000e+02
0.000000e+00  -1.398135e+02  8.310780e+02  4.113237e+02  3.135729e+00  -2.617994e+00  1.548498e+00  1.230000e+02
0.000000e+00  -1.396424e+02  8.310780e+02  4.106801e+02  3.135729e+00  -2.617994e+00  1.548498e+00  1.230000e+02
0.000000e+00  -1.394857e+02  8.310780e+02  4.100650e+02  3.135729e+00  -2.617994e+00  1.548498e+00  1.230000e+02
0.000000e+00  -1.393449e+02  8.310780e+02  4.094755e+02  3.135729e+00  -2.617994e+00  1.548498e+00  1.230000e+02
0.000000e+00  -1.392211e+02  8.310780e+02  4.089085e+02  3.135729e+00  -2.617994e+00  1.548498e+00  1.230000e+02
0.000000e+00  -1.391148e+02  8.310780e+02  4.083609e+02  3.135729e+00  -2.617994e+00  1.548498e+00  1.230000e+02
0.000000e+00  -1.390268e+02  8.310780e+02  4.078294e+02  3.135729e+00  -2.617994e+00  1.548498e+00  1.230000e+02
0.000000e+00  -1.389573e+02  8.310780e+02  4.073109e+02  3.135729e+00  -2.617994e+00  1.548498e+00  1.230000e+02
0.000000e+00  -1.389064e+02  8.310780e+02  4.068024e+02  3.135729e+00  -2.617994e+00  1.548498e+00  1.230000e+02
0.000000e+00  -1.388564e+02  8.310780e+02  4.063024e+02  3.135729e+00  -2.617994e+00  1.548498e+00  1.230000e+02

