0.000000e+00  -2.225300e+01  8.310780e+02  3.710430e+02  3.135729e+00  1.047198e+00  1.548498e+00  1.230000e+02
0.000000e+00  -2.225300e+01  8.310780e+02  3.710430e+02  3.135729e+00  1.047198e+00  1.548498e+00  1.230000e+02
0.000000e+00  -2.220741e+01  8.310770e+02  3.711305e+02  3.135729e+00  1.047198e+00  1.548498e+00  1.230000e+02
0.000000e+00  -2.211786e+01  8.310752e+02  3.712941e+02  3.135729e+00  1.047198e+00  1.548498e+00  1.230000e+02
0.000000e+00  -2.198582e+01  8.310728e+02  3.715238e+02  3.135729e+00  1.047198e+00  1.548498e+00  1.230000e+02
0.000000e+00  -2.181270e+01  8.310697e+02  3.718113e+02  3.135729e+00  1.047198e+00  1.548498e+00  1.230000e+02
0.000000e+00  -2.159993e+01  8.310661e+02  3.721495e+02  3.135729e+00  1.047198e+00  1.548498e+00  1.230000e+02
0.000000e+00  -2.134905e+01  8.310621e+02  3.725322e+02  3.135729e+00  1.047198e+00  1.548498e+00  1.230000e+02
0.000000e+00  -2.106186e+01  8.310578e+02  3.729538e+02  3.135729e+00  1.047198e+00  1.548498e+00  1.230000e+02
0.000000e+00  -2.074041e+01  8.310532e+02  3.734097e+02  3.135729e+00  1.047198e+00  1.548498e+00  1.230000e+02
0.000000e+00  -2.038718e+01  8.310483e+02  3.738954e+02  3.135729e+00  1.047198e+00  1.548498e+00  1.230000e+02
0.000000e+00  -2.000513e+01  8.310433e+02  3.744068e+02  3.135729e+00  1.047198e+00  1.548498e+00  1.230000e+02
0.000000e+00  -1.959778e+01  8.310380e+02  3.749400e+02  3.135729e+00  1.047198e+00  1.548498e+00  1.230000e+02
0.000000e+00  -1.916929e+01  8.310327e+02  3.754911e+02  3.135729e+00  1.047198e+00  1.548498e+00  1.230000e+02
0.000000e+00  -1.872451e+01  8.310272e+02  3.760562e+02  3.135729e+00  1.047198e+00  1.548498e+00  1.230000e+02
0.000000e+00  -1.826907e+01  8.310216e+02  3.766312e+02  3.135729e+00  1.047198e+00  1.548498e+00  1.230000e+02
0.000000e+00  -1.780939e+01  8.310160e+02  3.772119e+02  3.135729e+00  1.047198e+00  1.548498e+00  1.230000e+02
0.000000e+00  -1.735274e+01  8.310104e+02  3.777938e+02  3.135729e+00  1.047198e+00  1.548498e+00  1.230000e+02
0.000000e+00  -1.690724e+01  8.310047e+02  3.783721e+02  3.135729e+00  1.047198e+00  1.548498e+00  1.230000e+02
0.000000e+00  -1.648183e+01  8.309991e+02  3.789417e+02  3.135729e+00  1.047198e+00  1.548498e+00  1.230000e+02
0.000000e+00  -1.608630e+01  8.309935e+02  3.794971e+02  3.135729e+00  1.047198e+00  1.548498e+00  1.230000e+02
0.000000e+00  -1.573121e+01  8.309879e+02  3.800326e+02  3.135729e+00  1.047198e+00  1.548498e+00  1.230000e+02
0.000000e+00  -1.542784e+01  8.309825e+02  3.805423e+02  3.135729e+00  1.047198e+00  1.548498e+00  1.230000e+02
0.000000e+00  -1.518809e+01  8.309771e+02  3.810199e+02  3.135729e+00  1.047198e+00  1.548498e+00  1.230000e+02
0.000000e+00  -1.502440e+01  8.309719e+02  3.814590e+02  3.135729e+00  1.047198e+00  1.548498e+00  1.230000e+02
0.000000e+00  -1.494961e+01  8.309668e+02  3.818531e+02  3.135729e+00  1.047198e+00  1.548498e+00  1.230000e+02
0.000000e+00  -1.497683e+01  8.309620e+02  3.821956e+02  3.135729e+00  1.047198e+00  1.548498e+00  1.230000e+02
0.000000e+00  -1.511927e+01  8.309573e+02  3.824801e+02  3.135729e+00  1.047198e+00  1.548498e+00  1.230000e+02
0.000000e+00  -1.539012e+01  8.309528e+02  3.827004e+02  3.135729e+00  1.047198e+00  1.548498e+00  1.230000e+02
0.000000e+00  -1.580236e+01  8.309485e+02  3.828505e+02  3.135729e+00  1.047198e+00  1.548498e+00  1.230000e+02
0.000000e+00  -1.636858e+01  8.309445e+02  3.829249e+02  3.135729e+00  1.047198e+00  1.548498e+00  1.230000e+02
0.000000e+00  -1.710087e+01  8.309407e+02  3.829186e+02  3.135729e+00  1.047198e+00  1.548498e+00  1.230000e+02
0.000000e+00  -1.801063e+01  8.309372e+02  3.828274e+02  3.135729e+00  1.047198e+00  1.548498e+00  1.230000e+02
0.000000e+00  -1.910849e+01  8.309339e+02  3.826476e+02  3.135729e+00  1.047198e+00  1.548498e+00  1.230000e+02
0.000000e+00  -2.040411e+01  8.309308e+02  3.823768e+02  3.135729e+00  1.047198e+00  1.548498e+00  1.230000e+02
0.000000e+00  -2.190619e+01  8.309279e+02  3.820133e+02  3.135729e+00  1.047198e+00  1.548498e+00  1.230000e+02
0.000000e+00  -2.362229e+01  8.309251e+02  3.815564e+02  3.135729e+00  1.047198e+00  1.548498e+00  1.230000e+02
0.000000e+00  -2.555887e+01  8.309225e+02  3.810069e+02  3.135729e+00  1.047198e+00  1.548498e+00  1.230000e+02
0.000000e+00  -2.772118e+01  8.309199e+02  3.803664e+02  3.135729e+00  1.047198e+00  1.548498e+00  1.230000e+02
0.000000e+00  -3.011330e+01  8.309174e+02  3.796380e+02  3.135729e+00  1.047198e+00  1.548498e+00  1.230000e+02
0.000000e+00  -3.273810e+01  8.309148e+02  3.788257e+02  3.135729e+00  1.047198e+00  1.548498e+00  1.230000e+02
0.000000e+00  -3.559728e+01  8.309120e+02  3.779350e+02  3.135729e+00  1.047198e+00  1.548498e+00  1.230000e+02
0.000000e+00  -3.869136e+01  8.309090e+02  3.769725e+02  3.135729e+00  1.047198e+00  1.548498e+00  1.230000e+02
0.000000e+00  -4.201974e+01  8.309056e+02  3.759458e+02  3.135729e+00  1.047198e+00  1.548498e+00  1.230000e+02
0.000000e+00  -4.558071e+01  8.309018e+02  3.748636e+02  3.135729e+00  1.047198e+00  1.548498e+00  1.230000e+02
0.000000e+00  -4.937148e+01  8.308974e+02  3.737355e+02  3.135729e+00  1.047198e+00  1.548498e+00  1.230000e+02
0.000000e+00  -5.338819e+01  8.308923e+02  3.725720e+02  3.135729e+00  1.047198e+00  1.548498e+00  1.230000e+02
0.000000e+00  -5.762597e+01  8.308863e+02  3.713843e+02  3.135729e+00  1.047198e+00  1.548498e+00  1.230000e+02
0.000000e+00  -6.207892e+01  8.308794e+02  3.701839e+02  3.135729e+00  1.047198e+00  1.548498e+00  1.230000e+02
0.000000e+00  -6.674017e+01  8.308714e+02  3.689829e+02  3.135729e+00  1.047198e+00  1.548498e+00  1.230000e+02
0.000000e+00  -7.160183e+01  8.308622e+02  3.677938e+02  3.135729e+00  1.047198e+00  1.548498e+00  1.230000e+02
0.000000e+00  -7.665508e+01  8.308516e+02  3.666288e+02  3.135729e+00  1.047198e+00  1.548498e+00  1.230000e+02
0.000000e+00  -8.189010e+01  8.308396e+02  3.655002e+02  3.135729e+00  1.047198e+00  1.548498e+00  1.230000e+02
0.000000e+00  -8.729615e+01  8.308260e+02  3.644202e+02  3.135729e+00  1.047198e+00  1.548498e+00  1.230000e+02
0.000000e+00  -9.286156e+01  8.308107e+02  3.634003e+02  3.135729e+00  1.047198e+00  1.548498e+00  1.230000e+02
0.000000e+00  -9.857375e+01  8.307937e+02  3.624518e+02  3.135729e+00  1.047198e+00  1.548498e+00  1.230000e+02
0.000000e+00  -1.044193e+02  8.307748e+02  3.615852e+02  3.135729e+00  1.047198e+00  1.548498e+00  1.230000e+02
0.000000e+00  -1.103838e+02  8.307540e+02  3.608103e+02  3.135729e+00  1.047198e+00  1.548498e+00  1.230000e+02
0.000000e+00  -1.164524e+02  8.307313e+02  3.601359e+02  3.135729e+00  1.047198e+00  1.548498e+00  1.230000e+02
0.000000e+00  -1.226091e+02  8.307066e+02  3.595701e+02  3.135729e+00  1.047198e+00  1.548498e+00  1.230000e+02
0.000000e+00  -1.288376e+02  8.306799e+02  3.591201e+02  3.135729e+00  1.047198e+00  1.548498e+00  1.230000e+02
0.000000e+00  -1.351207e+02  8.306512e+02  3.587917e+02  3.135729e+00  1.047198e+00  1.548498e+00  1.230000e+02
0.000000e+00  -1.414411e+02  8.306206e+02  3.585901e+02  3.135729e+00  1.047198e+00  1.548498e+00  1.230000e+02
0.000000e+00  -1.477808e+02  8.305881e+02  3.585193e+02  3.135729e+00  1.047198e+00  1.548498e+00  1.230000e+02
0.000000e+00  -1.541215e+02  8.305537e+02  3.585821e+02  3.135729e+00  1.047198e+00  1.548498e+00  1.230000e+02
0.000000e+00  -1.604450e+02  8.305175e+02  3.587806e+02  3.135729e+00  1.047198e+00  1.548498e+00  1.230000e+02
0.000000e+00  -1.667328e+02  8.304797e+02  3.591156e+02  3.135729e+00  1.047198e+00  1.548498e+00  1.230000e+02
0.000000e+00  -1.729667e+02  8.304402e+02  3.595871e+02  3.135729e+00  1.047198e+00  1.548498e+00  1.230000e+02
0.000000e+00  -1.791285e+02  8.303992e+02  3.601941e+02  3.135729e+00  1.047198e+00  1.548498e+00  1.230000e+02
0.000000e+00  -1.852005e+02  8.303569e+02  3.609345e+02  3.135729e+00  1.047198e+00  1.548498e+00  1.230000e+02
0.000000e+00  -1.911655e+02  8.303133e+02  3.618058e+02  3.135729e+00  1.047198e+00  1.548498e+00  1.230000e+02
0.000000e+00  -1.970068e+02  8.302686e+02  3.628042e+02  3.135729e+00  1.047198e+00  1.548498e+00  1.230000e+02
0.000000e+00  -2.027087e+02  8.302229e+02  3.639253e+02  3.135729e+00  1.047198e+00  1.548498e+00  1.230000e+02
0.000000e+00  -2.082563e+02  8.301764e+02  3.651641e+02  3.135729e+00  1.047198e+00  1.548498e+00  1.230000e+02
0.000000e+00  -2.136356e+02  8.301293e+02  3.665148e+02  3.135729e+00  1.047198e+00  1.548498e+00  1.230000e+02
0.000000e+00  -2.188338e+02  8.300816e+02  3.679710e+02  3.135729e+00  1.047198e+00  1.548498e+00  1.230000e+02
0.000000e+00  -2.238396e+02  8.300336e+02  3.695257e+02  3.135729e+00  1.047198e+00  1.548498e+00  1.230000e+02
0.000000e+00  -2.286426e+02  8.299855e+02  3.711715e+02  3.135729e+00  1.047198e+00  1.548498e+00  1.230000e+02
0.000000e+00  -2.332339e+02  8.299372e+02  3.729004e+02  3.135729e+00  1.047198e+00  1.548498e+00  1.230000e+02
0.000000e+00  -2.376062e+02  8.298892e+02  3.747043e+02  3.135729e+00  1.047198e+00  1.548498e+00  1.230000e+02
0.000000e+00  -2.417534e+02  8.298413e+02  3.765745e+02  3.135729e+00  1.047198e+00  1.548498e+00  1.230000e+02
0.000000e+00  -2.456709e+02  8.297939e+02  3.785020e+02  3.135729e+00  1.047198e+00  1.548498e+00  1.230000e+02
0.000000e+00  -2.493557e+02  8.297471e+02  3.804779e+02  3.135729e+00  1.047198e+00  1.548498e+00  1.230000e+02
0.000000e+00  -2.528058e+02  8.297009e+02  3.824928e+02  3.135729e+00  1.047198e+00  1.548498e+00  1.230000e+02
0.000000e+00  -2.560210e+02  8.296556e+02  3.845375e+02  3.135729e+00  1.047198e+00  1.548498e+00  1.230000e+02
0.000000e+00  -2.590021e+02  8.296112e+02  3.866026e+02  3.135729e+00  1.047198e+00  1.548498e+00  1.230000e+02
0.000000e+00  -2.617510e+02  8.295680e+02  3.886786e+02  3.135729e+00  1.047198e+00  1.548498e+00  1.230000e+02
0.000000e+00  -2.642709e+02  8.295259e+02  3.907564e+02  3.135729e+00  1.047198e+00  1.548498e+00  1.230000e+02
0.000000e+00  -2.665660e+02  8.294850e+02  3.928267e+02  3.135729e+00  1.047198e+00  1.548498e+00  1.230000e+02
0.000000e+00  -2.686410e+02  8.294456e+02  3.948805e+02  3.135729e+00  1.047198e+00  1.548498e+00  1.230000e+02
0.000000e+00  -2.705017e+02  8.294077e+02  3.969089e+02  3.135729e+00  1.047198e+00  1.548498e+00  1.230000e+02
0.000000e+00  -2.721540e+02  8.293713e+02  3.989034e+02  3.135729e+00  1.047198e+00  1.548498e+00  1.230000e+02
0.000000e+00  -2.736047e+02  8.293366e+02  4.008554e+02  3.135729e+00  1.047198e+00  1.548498e+00  1.230000e+02
0.000000e+00  -2.748604e+02  8.293036e+02  4.027570e+02  3.135729e+00  1.047198e+00  1.548498e+00  1.230000e+02
0.000000e+00  -2.759280e+02  8.292725e+02  4.046003e+02  3.135729e+00  1.047198e+00  1.548498e+00  1.230000e+02
0.000000e+00  -2.768140e+02  8.292432e+02  4.063779e+02  3.135729e+00  1.047198e+00  1.548498e+00  1.230000e+02
0.000000e+00  -2.775251e+02  8.292158e+02  4.080824e+02  3.135729e+00  1.047198e+00  1.548498e+00  1.230000e+02
0.000000e+00  -2.780671e+02  8.291904e+02  4.097070e+02  3.135729e+00  1.047198e+00  1.548498e+00  1.230000e+02
0.000000e+00  -2.784454e+02  8.291671e+02  4.112451e+02  3.135729e+00  1.047198e+00  1.548498e+00  1.230000e+02
0.000000e+00  -2.786648e+02  8.291459e+02  4.126903e+02  3.135729e+00  1.047198e+00  1.548498e+00  1.230000e+02
0.000000e+00  -2.787289e+02  8.291269e+02  4.140368e+02  3.135729e+00  1.047198e+00  1.548498e+00  1.230000e+02
0.000000e+00  -2.786407e+02  8.291102e+02  4.152786e+02  3.135729e+00  1.047198e+00  1.548498e+00  1.230000e+02
0.000000e+00  -2.784021e+02  8.290958e+02  4.164103e+02  3.135729e+00  1.047198e+00  1.548498e+00  1.230000e+02
0.000000e+00  -2.780138e+02  8.290838e+02  4.174266e+02  3.135729e+00  1.047198e+00  1.548498e+00  1.230000e+02
0.000000e+00  -2.774756e+02  8.290742e+02  4.183227e+02  3.135729e+00  1.047198e+00  1.548498e+00  1.230000e+02
0.000000e+00  -2.767862e+02  8.290671e+02  4.190939e+02  3.135729e+00  1.047198e+00  1.548498e+00  1.230000e+02
0.000000e+00  -2.759431e+02  8.290627e+02  4.197359e+02  3.135729e+00  1.047198e+00  1.548498e+00  1.230000e+02
0.000000e+00  -2.749432e+02  8.290609e+02  4.202446e+02  3.135729e+00  1.047198e+00  1.548498e+00  1.230000e+02
0.000000e+00  -2.737822e+02  8.290619e+02  4.206165e+02  3.135729e+00  1.047198e+00  1.548498e+00  1.230000e+02
0.000000e+00  -2.724553e+02  8.290657e+02  4.208485e+02  3.135729e+00  1.047198e+00  1.548498e+00  1.230000e+02
0.000000e+00  -2.709573e+02  8.290724e+02  4.209380e+02  3.135729e+00  1.047198e+00  1.548498e+00  1.230000e+02
0.000000e+00  -2.692823e+02  8.290820e+02  4.208831e+02  3.135729e+00  1.047198e+00  1.548498e+00  1.230000e+02
0.000000e+00  -2.674245e+02  8.290946e+02  4.206825e+02  3.135729e+00  1.047198e+00  1.548498e+00  1.230000e+02
0.000000e+00  -2.653780e+02  8.291102e+02  4.203358e+02  3.135729e+00  1.047198e+00  1.548498e+00  1.230000e+02
0.000000e+00  -2.631371e+02  8.291289e+02  4.198435e+02  3.135729e+00  1.047198e+00  1.548498e+00  1.230000e+02
0.000000e+00  -2.606964e+02  8.291506e+02  4.192070e+02  3.135729e+00  1.047198e+00  1.548498e+00  1.230000e+02
0.000000e+00  -2.580513e+02  8.291754e+02  4.184289e+02  3.135729e+00  1.047198e+00  1.548498e+00  1.230000e+02
0.000000e+00  -2.551975e+02  8.292031e+02  4.175129e+02  3.135729e+00  1.047198e+00  1.548498e+00  1.230000e+02
0.000000e+00  -2.521320e+02  8.292339e+02  4.164639e+02  3.135729e+00  1.047198e+00  1.548498e+00  1.230000e+02
0.000000e+00  -2.488523e+02  8.292675e+02  4.152883e+02  3.135729e+00  1.047198e+00  1.548498e+00  1.230000e+02
0.000000e+00  -2.453573e+02  8.293039e+02  4.139935e+02  3.135729e+00  1.047198e+00  1.548498e+00  1.230000e+02
0.000000e+00  -2.416467e+02  8.293430e+02  4.125886e+02  3.135729e+00  1.047198e+00  1.548498e+00  1.230000e+02
0.000000e+00  -2.377216e+02  8.293846e+02  4.110837e+02  3.135729e+00  1.047198e+00  1.548498e+00  1.230000e+02
0.000000e+00  -2.335839e+02  8.294285e+02  4.094906e+02  3.135729e+00  1.047198e+00  1.548498e+00  1.230000e+02
0.000000e+00  -2.292370e+02  8.294746e+02  4.078221e+02  3.135729e+00  1.047198e+00  1.548498e+00  1.230000e+02
0.000000e+00  -2.246852e+02  8.295226e+02  4.060922e+02  3.135729e+00  1.047198e+00  1.548498e+00  1.230000e+02
0.000000e+00  -2.199340e+02  8.295723e+02  4.043159e+02  3.135729e+00  1.047198e+00  1.548498e+00  1.230000e+02
0.000000e+00  -2.149898e+02  8.296235e+02  4.025093e+02  3.135729e+00  1.047198e+00  1.548498e+00  1.230000e+02
0.000000e+00  -2.098602e+02  8.296758e+02  4.006893e+02  3.135729e+00  1.047198e+00  1.548498e+00  1.230000e+02
0.000000e+00  -2.045537e+02  8.297290e+02  3.988731e+02  3.135729e+00  1.047198e+00  1.548498e+00  1.230000e+02
0.000000e+00  -1.990796e+02  8.297828e+02  3.970785e+02  3.135729e+00  1.047198e+00  1.548498e+00  1.230000e+02
0.000000e+00  -1.934480e+02  8.298369e+02  3.953235e+02  3.135729e+00  1.047198e+00  1.548498e+00  1.230000e+02
0.000000e+00  -1.876699e+02  8.298909e+02  3.936259e+02  3.135729e+00  1.047198e+00  1.548498e+00  1.230000e+02
0.000000e+00  -1.817569e+02  8.299447e+02  3.920034e+02  3.135729e+00  1.047198e+00  1.548498e+00  1.230000e+02
0.000000e+00  -1.757213e+02  8.299978e+02  3.904730e+02  3.135729e+00  1.047198e+00  1.548498e+00  1.230000e+02
0.000000e+00  -1.695758e+02  8.300499e+02  3.890510e+02  3.135729e+00  1.047198e+00  1.548498e+00  1.230000e+02
0.000000e+00  -1.633337e+02  8.301009e+02  3.877528e+02  3.135729e+00  1.047198e+00  1.548498e+00  1.230000e+02
0.000000e+00  -1.570085e+02  8.301504e+02  3.865926e+02  3.135729e+00  1.047198e+00  1.548498e+00  1.230000e+02
0.000000e+00  -1.506144e+02  8.301982e+02  3.855833e+02  3.135729e+00  1.047198e+00  1.548498e+00  1.230000e+02
0.000000e+00  -1.441654e+02  8.302440e+02  3.847362e+02  3.135729e+00  1.047198e+00  1.548498e+00  1.230000e+02
0.000000e+00  -1.376759e+02  8.302877e+02  3.840611e+02  3.135729e+00  1.047198e+00  1.548498e+00  1.230000e+02
0.000000e+00  -1.311602e+02  8.303289e+02  3.835659e+02  3.135729e+00  1.047198e+00  1.548498e+00  1.230000e+02
0.000000e+00  -1.246329e+02  8.303677e+02  3.832568e+02  3.135729e+00  1.047198e+00  1.548498e+00  1.230000e+02
0.000000e+00  -1.181082e+02  8.304039e+02  3.831382e+02  3.135729e+00  1.047198e+00  1.548498e+00  1.230000e+02
0.000000e+00  -1.116002e+02  8.304372e+02  3.832125e+02  3.135729e+00  1.047198e+00  1.548498e+00  1.230000e+02
0.000000e+00  -1.051230e+02  8.304677e+02  3.834802e+02  3.135729e+00  1.047198e+00  1.548498e+00  1.230000e+02
0.000000e+00  -9.869019e+01  8.304954e+02  3.839400e+02  3.135729e+00  1.047198e+00  1.548498e+00  1.230000e+02
0.000000e+00  -9.231503e+01  8.305201e+02  3.845888e+02  3.135729e+00  1.047198e+00  1.548498e+00  1.230000e+02
0.000000e+00  -8.601046e+01  8.305419e+02  3.854217e+02  3.135729e+00  1.047198e+00  1.548498e+00  1.230000e+02
0.000000e+00  -7.978891e+01  8.305607e+02  3.864321e+02  3.135729e+00  1.047198e+00  1.548498e+00  1.230000e+02
0.000000e+00  -7.366237e+01  8.305768e+02  3.876117e+02  3.135729e+00  1.047198e+00  1.548498e+00  1.230000e+02
0.000000e+00  -6.764226e+01  8.305900e+02  3.889508e+02  3.135729e+00  1.047198e+00  1.548498e+00  1.230000e+02
0.000000e+00  -6.173948e+01  8.306006e+02  3.904382e+02  3.135729e+00  1.047198e+00  1.548498e+00  1.230000e+02
0.000000e+00  -5.596435e+01  8.306087e+02  3.920613e+02  3.135729e+00  1.047198e+00  1.548498e+00  1.230000e+02
0.000000e+00  -5.032658e+01  8.306143e+02  3.938062e+02  3.135729e+00  1.047198e+00  1.548498e+00  1.230000e+02
0.000000e+00  -4.483533e+01  8.306177e+02  3.956578e+02  3.135729e+00  1.047198e+00  1.548498e+00  1.230000e+02
0.000000e+00  -3.949912e+01  8.306190e+02  3.975998e+02  3.135729e+00  1.047198e+00  1.548498e+00  1.230000e+02
0.000000e+00  -3.432593e+01  8.306184e+02  3.996150e+02  3.135729e+00  1.047198e+00  1.548498e+00  1.230000e+02
0.000000e+00  -2.932313e+01  8.306161e+02  4.016851e+02  3.135729e+00  1.047198e+00  1.548498e+00  1.230000e+02
0.000000e+00  -2.449754e+01  8.306125e+02  4.037907e+02  3.135729e+00  1.047198e+00  1.548498e+00  1.230000e+02
0.000000e+00  -1.985548e+01  8.306076e+02  4.059117e+02  3.135729e+00  1.047198e+00  1.548498e+00  1.230000e+02
0.000000e+00  -1.540271e+01  8.306019e+02  4.080271e+02  3.135729e+00  1.047198e+00  1.548498e+00  1.230000e+02
0.000000e+00  -1.114457e+01  8.305954e+02  4.101151e+02  3.135729e+00  1.047198e+00  1.548498e+00  1.230000e+02
0.000000e+00  -7.085930e+00  8.305886e+02  4.121534e+02  3.135729e+00  1.047198e+00  1.548498e+00  1.230000e+02
0.000000e+00  -3.231240e+00  8.305818e+02  4.141189e+02  3.135729e+00  1.047198e+00  1.548498e+00  1.230000e+02
0.000000e+00  4.154121e-01  8.305752e+02  4.159881e+02  3.135729e+00  1.047198e+00  1.548498e+00  1.230000e+02
0.000000e+00  3.850295e+00  8.305691e+02  4.177372e+02  3.135729e+00  1.047198e+00  1.548498e+00  1.230000e+02
0.000000e+00  7.069997e+00  8.305639e+02  4.193421e+02  3.135729e+00  1.047198e+00  1.548498e+00  1.230000e+02
0.000000e+00  1.007140e+01  8.305598e+02  4.207789e+02  3.135729e+00  1.047198e+00  1.548498e+00  1.230000e+02
0.000000e+00  1.285166e+01  8.305573e+02  4.220236e+02  3.135729e+00  1.047198e+00  1.548498e+00  1.230000e+02
0.000000e+00  1.540818e+01  8.305565e+02  4.230531e+02  3.135729e+00  1.047198e+00  1.548498e+00  1.230000e+02
0.000000e+00  1.773858e+01  8.305579e+02  4.238445e+02  3.135729e+00  1.047198e+00  1.548498e+00  1.230000e+02
0.000000e+00  1.984069e+01  8.305616e+02  4.243762e+02  3.135729e+00  1.047198e+00  1.548498e+00  1.230000e+02
0.000000e+00  2.171251e+01  8.305680e+02  4.246279e+02  3.135729e+00  1.047198e+00  1.548498e+00  1.230000e+02
0.000000e+00  2.335219e+01  8.305774e+02  4.245807e+02  3.135729e+00  1.047198e+00  1.548498e+00  1.230000e+02
0.000000e+00  2.475797e+01  8.305898e+02  4.242178e+02  3.135729e+00  1.047198e+00  1.548498e+00  1.230000e+02
0.000000e+00  2.592818e+01  8.306056e+02  4.235245e+02  3.135729e+00  1.047198e+00  1.548498e+00  1.230000e+02
0.000000e+00  2.686115e+01  8.306249e+02  4.224884e+02  3.135729e+00  1.047198e+00  1.548498e+00  1.230000e+02
0.000000e+00  2.755519e+01  8.306478e+02  4.211002e+02  3.135729e+00  1.047198e+00  1.548498e+00  1.230000e+02
0.000000e+00  2.800850e+01  8.306744e+02  4.193533e+02  3.135729e+00  1.047198e+00  1.548498e+00  1.230000e+02
0.000000e+00  2.821914e+01  8.307047e+02  4.172441e+02  3.135729e+00  1.047198e+00  1.548498e+00  1.230000e+02
0.000000e+00  2.818495e+01  8.307388e+02  4.147726e+02  3.135729e+00  1.047198e+00  1.548498e+00  1.230000e+02
0.000000e+00  2.790349e+01  8.307765e+02  4.119418e+02  3.135729e+00  1.047198e+00  1.548498e+00  1.230000e+02
0.000000e+00  2.737201e+01  8.308178e+02  4.087583e+02  3.135729e+00  1.047198e+00  1.548498e+00  1.230000e+02
0.000000e+00  2.658743e+01  8.308625e+02  4.052321e+02  3.135729e+00  1.047198e+00  1.548498e+00  1.230000e+02
0.000000e+00  2.554629e+01  8.309104e+02  4.013764e+02  3.135729e+00  1.047198e+00  1.548498e+00  1.230000e+02
0.000000e+00  2.424482e+01  8.309613e+02  3.972077e+02  3.135729e+00  1.047198e+00  1.548498e+00  1.230000e+02
0.000000e+00  2.267893e+01  8.310148e+02  3.927456e+02  3.135729e+00  1.047198e+00  1.548498e+00  1.230000e+02
0.000000e+00  2.084433e+01  8.310707e+02  3.880124e+02  3.135729e+00  1.047198e+00  1.548498e+00  1.230000e+02
0.000000e+00  1.873661e+01  8.311285e+02  3.830334e+02  3.135729e+00  1.047198e+00  1.548498e+00  1.230000e+02
0.000000e+00  1.635142e+01  8.311879e+02  3.778359e+02  3.135729e+00  1.047198e+00  1.548498e+00  1.230000e+02
0.000000e+00  1.368464e+01  8.312484e+02  3.724495e+02  3.135729e+00  1.047198e+00  1.548498e+00  1.230000e+02
0.000000e+00  1.073262e+01  8.313096e+02  3.669058e+02  3.135729e+00  1.047198e+00  1.548498e+00  1.230000e+02
0.000000e+00  7.492394e+00  8.313710e+02  3.612375e+02  3.135729e+00  1.047198e+00  1.548498e+00  1.230000e+02
0.000000e+00  3.961972e+00  8.314322e+02  3.554788e+02  3.135729e+00  1.047198e+00  1.548498e+00  1.230000e+02
0.000000e+00  1.406328e-01  8.314925e+02  3.496647e+02  3.135729e+00  1.047198e+00  1.548498e+00  1.230000e+02
0.000000e+00  -3.970787e+00  8.315516e+02  3.438307e+02  3.135729e+00  1.047198e+00  1.548498e+00  1.230000e+02
0.000000e+00  -8.369598e+00  8.316090e+02  3.380125e+02  3.135729e+00  1.047198e+00  1.548498e+00  1.230000e+02
0.000000e+00  -1.305098e+01  8.316641e+02  3.322460e+02  3.135729e+00  1.047198e+00  1.548498e+00  1.230000e+02
0.000000e+00  -1.800770e+01  8.317166e+02  3.265665e+02  3.135729e+00  1.047198e+00  1.548498e+00  1.230000e+02
0.000000e+00  -2.322991e+01  8.317660e+02  3.210092e+02  3.135729e+00  1.047198e+00  1.548498e+00  1.230000e+02
0.000000e+00  -2.870491e+01  8.318119e+02  3.156082e+02  3.135729e+00  1.047198e+00  1.548498e+00  1.230000e+02
0.000000e+00  -3.441704e+01  8.318539e+02  3.103971e+02  3.135729e+00  1.047198e+00  1.548498e+00  1.230000e+02
0.000000e+00  -4.034755e+01  8.318916e+02  3.054081e+02  3.135729e+00  1.047198e+00  1.548498e+00  1.230000e+02
0.000000e+00  -4.647456e+01  8.319248e+02  3.006724e+02  3.135729e+00  1.047198e+00  1.548498e+00  1.230000e+02
0.000000e+00  -5.277312e+01  8.319532e+02  2.962198e+02  3.135729e+00  1.047198e+00  1.548498e+00  1.230000e+02
0.000000e+00  -5.921524e+01  8.319766e+02  2.920788e+02  3.135729e+00  1.047198e+00  1.548498e+00  1.230000e+02
0.000000e+00  -6.577009e+01  8.319946e+02  2.882763e+02  3.135729e+00  1.047198e+00  1.548498e+00  1.230000e+02
0.000000e+00  -7.240419e+01  8.320072e+02  2.848377e+02  3.135729e+00  1.047198e+00  1.548498e+00  1.230000e+02
0.000000e+00  -7.908175e+01  8.320142e+02  2.817864e+02  3.135729e+00  1.047198e+00  1.548498e+00  1.230000e+02
0.000000e+00  -8.576494e+01  8.320154e+02  2.791442e+02  3.135729e+00  1.047198e+00  1.548498e+00  1.230000e+02
0.000000e+00  -9.241437e+01  8.320110e+02  2.769308e+02  3.135729e+00  1.047198e+00  1.548498e+00  1.230000e+02
0.000000e+00  -9.898954e+01  8.320007e+02  2.751640e+02  3.135729e+00  1.047198e+00  1.548498e+00  1.230000e+02
0.000000e+00  -1.054493e+02  8.319846e+02  2.738592e+02  3.135729e+00  1.047198e+00  1.548498e+00  1.230000e+02
0.000000e+00  -1.117525e+02  8.319628e+02  2.730296e+02  3.135729e+00  1.047198e+00  1.548498e+00  1.230000e+02
0.000000e+00  -1.178583e+02  8.319353e+02  2.726858e+02  3.135729e+00  1.047198e+00  1.548498e+00  1.230000e+02
0.000000e+00  -1.237270e+02  8.319022e+02  2.728358e+02  3.135729e+00  1.047198e+00  1.548498e+00  1.230000e+02
0.000000e+00  -1.293206e+02  8.318636e+02  2.734851e+02  3.135729e+00  1.047198e+00  1.548498e+00  1.230000e+02
0.000000e+00  -1.346031e+02  8.318198e+02  2.746360e+02  3.135729e+00  1.036876e+00  1.548498e+00  1.230000e+02
0.000000e+00  -1.395412e+02  8.317708e+02  2.762883e+02  3.135729e+00  1.026554e+00  1.548498e+00  1.230000e+02
0.000000e+00  -1.441047e+02  8.317169e+02  2.784386e+02  3.135729e+00  1.016232e+00  1.548498e+00  1.230000e+02
0.000000e+00  -1.482669e+02  8.316583e+02  2.810806e+02  3.135729e+00  1.005910e+00  1.548498e+00  1.230000e+02
0.000000e+00  -1.520052e+02  8.315953e+02  2.842049e+02  3.135729e+00  9.955884e-01  1.548498e+00  1.230000e+02
0.000000e+00  -1.553010e+02  8.315280e+02  2.877996e+02  3.135729e+00  9.852665e-01  1.548498e+00  1.230000e+02
0.000000e+00  -1.581401e+02  8.314569e+02  2.918494e+02  3.135729e+00  9.749447e-01  1.548498e+00  1.230000e+02
0.000000e+00  -1.605127e+02  8.313822e+02  2.963368e+02  3.135729e+00  9.646228e-01  1.548498e+00  1.230000e+02
0.000000e+00  -1.624139e+02  8.313042e+02  3.012413e+02  3.135729e+00  9.543010e-01  1.548498e+00  1.230000e+02
0.000000e+00  -1.638432e+02  8.312233e+02  3.065401e+02  3.135729e+00  9.439792e-01  1.548498e+00  1.230000e+02
0.000000e+00  -1.648045e+02  8.311397e+02  3.122083e+02  3.135729e+00  9.336573e-01  1.548498e+00  1.230000e+02
0.000000e+00  -1.653062e+02  8.310538e+02  3.182189e+02  3.135729e+00  9.233355e-01  1.548498e+00  1.230000e+02
0.000000e+00  -1.653609e+02  8.309659e+02  3.245429e+02  3.135729e+00  9.130136e-01  1.548498e+00  1.230000e+02
0.000000e+00  -1.649848e+02  8.308763e+02  3.311499e+02  3.135729e+00  9.026918e-01  1.548498e+00  1.230000e+02
0.000000e+00  -1.641979e+02  8.307855e+02  3.380083e+02  3.135729e+00  8.923700e-01  1.548498e+00  1.230000e+02
0.000000e+00  -1.630233e+02  8.306936e+02  3.450852e+02  3.135729e+00  8.820481e-01  1.548498e+00  1.230000e+02
0.000000e+00  -1.614871e+02  8.306012e+02  3.523469e+02  3.135729e+00  8.717263e-01  1.548498e+00  1.230000e+02
0.000000e+00  -1.596177e+02  8.305084e+02  3.597591e+02  3.135729e+00  8.614044e-01  1.548498e+00  1.230000e+02
0.000000e+00  -1.574455e+02  8.304155e+02  3.672874e+02  3.135729e+00  8.510826e-01  1.548498e+00  1.230000e+02
0.000000e+00  -1.550025e+02  8.303230e+02  3.748969e+02  3.135729e+00  8.407608e-01  1.548498e+00  1.230000e+02
0.000000e+00  -1.523218e+02  8.302311e+02  3.825531e+02  3.135729e+00  8.304389e-01  1.548498e+00  1.230000e+02
0.000000e+00  -1.494373e+02  8.301402e+02  3.902216e+02  3.135729e+00  8.201171e-01  1.548498e+00  1.230000e+02
0.000000e+00  -1.463832e+02  8.300504e+02  3.978684e+02  3.135729e+00  8.097952e-01  1.548498e+00  1.230000e+02
0.000000e+00  -1.431936e+02  8.299620e+02  4.054603e+02  3.135729e+00  7.994734e-01  1.548498e+00  1.230000e+02
0.000000e+00  -1.399022e+02  8.298755e+02  4.129649e+02  3.135729e+00  7.891516e-01  1.548498e+00  1.230000e+02
0.000000e+00  -1.365420e+02  8.297909e+02  4.203505e+02  3.135729e+00  7.788297e-01  1.548498e+00  1.230000e+02
0.000000e+00  -1.331448e+02  8.297086e+02  4.275866e+02  3.135729e+00  7.685079e-01  1.548498e+00  1.230000e+02
0.000000e+00  -1.297413e+02  8.296289e+02  4.346437e+02  3.135729e+00  7.581860e-01  1.548498e+00  1.230000e+02
0.000000e+00  -1.263605e+02  8.295518e+02  4.414935e+02  3.135729e+00  7.478642e-01  1.548498e+00  1.230000e+02
0.000000e+00  -1.230298e+02  8.294778e+02  4.481090e+02  3.135729e+00  7.375424e-01  1.548498e+00  1.230000e+02
0.000000e+00  -1.197746e+02  8.294069e+02  4.544646e+02  3.135729e+00  7.272205e-01  1.548498e+00  1.230000e+02
0.000000e+00  -1.166184e+02  8.293395e+02  4.605361e+02  3.135729e+00  7.168987e-01  1.548498e+00  1.230000e+02
0.000000e+00  -1.135826e+02  8.292757e+02  4.663008e+02  3.135729e+00  7.065768e-01  1.548498e+00  1.230000e+02
0.000000e+00  -1.106865e+02  8.292157e+02  4.717377e+02  3.135729e+00  6.962550e-01  1.548498e+00  1.230000e+02
0.000000e+00  -1.079471e+02  8.291597e+02  4.768274e+02  3.135729e+00  6.859332e-01  1.548498e+00  1.230000e+02
0.000000e+00  -1.053794e+02  8.291078e+02  4.815523e+02  3.135729e+00  6.756113e-01  1.548498e+00  1.230000e+02
0.000000e+00  -1.029960e+02  8.290602e+02  4.858967e+02  3.135729e+00  6.652895e-01  1.548498e+00  1.230000e+02
0.000000e+00  -1.008075e+02  8.290170e+02  4.898470e+02  3.135729e+00  6.549676e-01  1.548498e+00  1.230000e+02
0.000000e+00  -9.882215e+01  8.289784e+02  4.933918e+02  3.135729e+00  6.446458e-01  1.548498e+00  1.230000e+02
0.000000e+00  -9.704640e+01  8.289444e+02  4.965216e+02  3.135729e+00  6.343240e-01  1.548498e+00  1.230000e+02
0.000000e+00  -9.548450e+01  8.289152e+02  4.992297e+02  3.135729e+00  6.240021e-01  1.548498e+00  1.230000e+02
0.000000e+00  -9.413885e+01  8.288907e+02  5.015116e+02  3.135729e+00  6.136803e-01  1.548498e+00  1.230000e+02
0.000000e+00  -9.300997e+01  8.288710e+02  5.033653e+02  3.135729e+00  6.033584e-01  1.548498e+00  1.230000e+02
0.000000e+00  -9.209666e+01  8.288560e+02  5.047916e+02  3.135729e+00  5.930366e-01  1.548498e+00  1.230000e+02
0.000000e+00  -9.139608e+01  8.288459e+02  5.057937e+02  3.135729e+00  5.827148e-01  1.548498e+00  1.230000e+02
0.000000e+00  -9.090384e+01  8.288404e+02  5.063775e+02  3.135729e+00  5.723929e-01  1.548498e+00  1.230000e+02
0.000000e+00  -9.061418e+01  8.288395e+02  5.065516e+02  3.135729e+00  5.620711e-01  1.548498e+00  1.230000e+02
0.000000e+00  -9.052003e+01  8.288431e+02  5.063273e+02  3.135729e+00  5.517492e-01  1.548498e+00  1.230000e+02
0.000000e+00  -9.061321e+01  8.288510e+02  5.057180e+02  3.135729e+00  5.414274e-01  1.548498e+00  1.230000e+02
0.000000e+00  -9.088446e+01  8.288632e+02  5.047400e+02  3.135729e+00  5.311056e-01  1.548498e+00  1.230000e+02
0.000000e+00  -9.132367e+01  8.288792e+02  5.034115e+02  3.135729e+00  5.207837e-01  1.548498e+00  1.230000e+02
0.000000e+00  -9.191995e+01  8.288991e+02  5.017529e+02  3.135729e+00  5.104619e-01  1.548498e+00  1.230000e+02
0.000000e+00  -9.266178e+01  8.289224e+02  4.997866e+02  3.135729e+00  5.001400e-01  1.548498e+00  1.230000e+02
0.000000e+00  -9.353713e+01  8.289489e+02  4.975364e+02  3.135729e+00  4.898182e-01  1.548498e+00  1.230000e+02
0.000000e+00  -9.453359e+01  8.289784e+02  4.950279e+02  3.135729e+00  4.794964e-01  1.548498e+00  1.230000e+02
0.000000e+00  -9.563849e+01  8.290105e+02  4.922877e+02  3.135729e+00  4.691745e-01  1.548498e+00  1.230000e+02
0.000000e+00  -9.683900e+01  8.290450e+02  4.893432e+02  3.135729e+00  4.588527e-01  1.548498e+00  1.230000e+02
0.000000e+00  -9.812227e+01  8.290814e+02  4.862226e+02  3.135729e+00  4.485309e-01  1.548498e+00  1.230000e+02
0.000000e+00  -9.947551e+01  8.291196e+02  4.829542e+02  3.135729e+00  4.382090e-01  1.548498e+00  1.230000e+02
0.000000e+00  -1.008861e+02  8.291590e+02  4.795666e+02  3.135729e+00  4.278872e-01  1.548498e+00  1.230000e+02
0.000000e+00  -1.023416e+02  8.291995e+02  4.760879e+02  3.135729e+00  4.175653e-01  1.548498e+00  1.230000e+02
0.000000e+00  -1.038300e+02  8.292407e+02  4.725458e+02  3.135729e+00  4.072435e-01  1.548498e+00  1.230000e+02
0.000000e+00  -1.053396e+02  8.292823e+02  4.689669e+02  3.135729e+00  3.969217e-01  1.548498e+00  1.230000e+02
0.000000e+00  -1.068594e+02  8.293240e+02  4.653769e+02  3.135729e+00  3.865998e-01  1.548498e+00  1.230000e+02
0.000000e+00  -1.083786e+02  8.293656e+02  4.618002e+02  3.135729e+00  3.762780e-01  1.548498e+00  1.230000e+02
0.000000e+00  -1.098871e+02  8.294066e+02  4.582595e+02  3.135729e+00  3.659561e-01  1.548498e+00  1.230000e+02
0.000000e+00  -1.113755e+02  8.294470e+02  4.547759e+02  3.135729e+00  3.556343e-01  1.548498e+00  1.230000e+02
0.000000e+00  -1.128349e+02  8.294865e+02  4.513684e+02  3.135729e+00  3.453125e-01  1.548498e+00  1.230000e+02
0.000000e+00  -1.142572e+02  8.295249e+02  4.480541e+02  3.135729e+00  3.349906e-01  1.548498e+00  1.230000e+02
0.000000e+00  -1.156348e+02  8.295620e+02  4.448481e+02  3.135729e+00  3.246688e-01  1.548498e+00  1.230000e+02
0.000000e+00  -1.169609e+02  8.295978e+02  4.417632e+02  3.135729e+00  3.143469e-01  1.548498e+00  1.230000e+02
0.000000e+00  -1.182292e+02  8.296320e+02  4.388100e+02  3.135729e+00  3.040251e-01  1.548498e+00  1.230000e+02
0.000000e+00  -1.194343e+02  8.296646e+02  4.359971e+02  3.135729e+00  2.937033e-01  1.548498e+00  1.230000e+02
0.000000e+00  -1.205712e+02  8.296955e+02  4.333308e+02  3.135729e+00  2.833814e-01  1.548498e+00  1.230000e+02
0.000000e+00  -1.216358e+02  8.297247e+02  4.308155e+02  3.135729e+00  2.730596e-01  1.548498e+00  1.230000e+02
0.000000e+00  -1.226244e+02  8.297522e+02  4.284534e+02  3.135729e+00  2.627377e-01  1.548498e+00  1.230000e+02
0.000000e+00  -1.235342e+02  8.297780e+02  4.262452e+02  3.135729e+00  2.524159e-01  1.548498e+00  1.230000e+02
0.000000e+00  -1.243625e+02  8.298021e+02  4.241896e+02  3.135729e+00  2.420941e-01  1.548498e+00  1.230000e+02
0.000000e+00  -1.251078e+02  8.298246e+02  4.222841e+02  3.135729e+00  2.317722e-01  1.548498e+00  1.230000e+02
0.000000e+00  -1.257687e+02  8.298454e+02  4.205244e+02  3.135729e+00  2.214504e-01  1.548498e+00  1.230000e+02
0.000000e+00  -1.263445e+02  8.298648e+02  4.189056e+02  3.135729e+00  2.111285e-01  1.548498e+00  1.230000e+02
0.000000e+00  -1.268351e+02  8.298828e+02  4.174212e+02  3.135729e+00  2.008067e-01  1.548498e+00  1.230000e+02
0.000000e+00  -1.272407e+02  8.298995e+02  4.160643e+02  3.135729e+00  1.904849e-01  1.548498e+00  1.230000e+02
0.000000e+00  -1.275623e+02  8.299149e+02  4.148272e+02  3.135729e+00  1.801630e-01  1.548498e+00  1.230000e+02
0.000000e+00  -1.278010e+02  8.299292e+02  4.137018e+02  3.135729e+00  1.698412e-01  1.548498e+00  1.230000e+02
0.000000e+00  -1.279586e+02  8.299425e+02  4.126798e+02  3.135729e+00  1.595193e-01  1.548498e+00  1.230000e+02
0.000000e+00  -1.280371e+02  8.299550e+02  4.117528e+02  3.135729e+00  1.491975e-01  1.548498e+00  1.230000e+02
0.000000e+00  -1.280392e+02  8.299666e+02  4.109122e+02  3.135729e+00  1.388757e-01  1.548498e+00  1.230000e+02
0.000000e+00  -1.279675e+02  8.299775e+02  4.101500e+02  3.135729e+00  1.285538e-01  1.548498e+00  1.230000e+02
0.000000e+00  -1.278252e+02  8.299879e+02  4.094581e+02  3.135729e+00  1.182320e-01  1.548498e+00  1.230000e+02
0.000000e+00  -1.276159e+02  8.299977e+02  4.088291e+02  3.135729e+00  1.079101e-01  1.548498e+00  1.230000e+02
0.000000e+00  -1.273431e+02  8.300071e+02  4.082559e+02  3.135729e+00  9.758830e-02  1.548498e+00  1.230000e+02
0.000000e+00  -1.270109e+02  8.300161e+02  4.077321e+02  3.135729e+00  8.726646e-02  1.548498e+00  1.230000e+02
0.000000e+00  -1.266232e+02  8.300248e+02  4.072518e+02  3.135729e+00  8.726646e-02  1.548498e+00  1.230000e+02
0.000000e+00  -1.261843e+02  8.300332e+02  4.068098e+02  3.135729e+00  8.726646e-02  1.548498e+00  1.230000e+02
0.000000e+00  -1.256986e+02  8.300415e+02  4.064015e+02  3.135729e+00  8.726646e-02  1.548498e+00  1.230000e+02
0.000000e+00  -1.251706e+02  8.300495e+02  4.060230e+02  3.135729e+00  8.726646e-02  1.548498e+00  1.230000e+02
0.000000e+00  -1.246046e+02  8.300574e+02  4.056709e+02  3.135729e+00  8.726646e-02  1.548498e+00  1.230000e+02
0.000000e+00  -1.240052e+02  8.300651e+02  4.053426e+02  3.135729e+00  8.726646e-02  1.548498e+00  1.230000e+02
0.000000e+00  -1.233768e+02  8.300727e+02  4.050360e+02  3.135729e+00  8.726646e-02  1.548498e+00  1.230000e+02
0.000000e+00  -1.227239e+02  8.300801e+02  4.047495e+02  3.135729e+00  8.726646e-02  1.548498e+00  1.230000e+02
0.000000e+00  -1.220507e+02  8.300873e+02  4.044818e+02  3.135729e+00  8.726646e-02  1.548498e+00  1.230000e+02
0.000000e+00  -1.213615e+02  8.300944e+02  4.042324e+02  3.135729e+00  8.726646e-02  1.548498e+00  1.230000e+02
0.000000e+00  -1.206603e+02  8.301014e+02  4.040008e+02  3.135729e+00  8.726646e-02  1.548498e+00  1.230000e+02
0.000000e+00  -1.199511e+02  8.301081e+02  4.037868e+02  3.135729e+00  8.726646e-02  1.548498e+00  1.230000e+02
0.000000e+00  -1.192375e+02  8.301146e+02  4.035907e+02  3.135729e+00  8.726646e-02  1.548498e+00  1.230000e+02
0.000000e+00  -1.185232e+02  8.301208e+02  4.034127e+02  3.135729e+00  8.726646e-02  1.548498e+00  1.230000e+02
0.000000e+00  -1.178113e+02  8.301268e+02  4.032532e+02  3.135729e+00  8.726646e-02  1.548498e+00  1.230000e+02
0.000000e+00  -1.171049e+02  8.301324e+02  4.031127e+02  3.135729e+00  8.726646e-02  1.548498e+00  1.230000e+02
0.000000e+00  -1.164069e+02  8.301378e+02  4.029915e+02  3.135729e+00  8.726646e-02  1.548498e+00  1.230000e+02
0.000000e+00  -1.157198e+02  8.301428e+02  4.028901e+02  3.135729e+00  8.726646e-02  1.548498e+00  1.230000e+02
0.000000e+00  -1.150459e+02  8.301475e+02  4.028088e+02  3.135729e+00  8.726646e-02  1.548498e+00  1.230000e+02
0.000000e+00  -1.143872e+02  8.301519e+02  4.027480e+02  3.135729e+00  8.726646e-02  1.548498e+00  1.230000e+02
0.000000e+00  -1.137455e+02  8.301558e+02  4.027078e+02  3.135729e+00  8.726646e-02  1.548498e+00  1.230000e+02
0.000000e+00  -1.131225e+02  8.301594e+02  4.026882e+02  3.135729e+00  8.726646e-02  1.548498e+00  1.230000e+02
0.000000e+00  -1.125192e+02  8.301625e+02  4.026892e+02  3.135729e+00  8.726646e-02  1.548498e+00  1.230000e+02
0.000000e+00  -1.119370e+02  8.301653e+02  4.027104e+02  3.135729e+00  8.726646e-02  1.548498e+00  1.230000e+02
0.000000e+00  -1.113765e+02  8.301677e+02  4.027517e+02  3.135729e+00  8.726646e-02  1.548498e+00  1.230000e+02
0.000000e+00  -1.108385e+02  8.301697e+02  4.028124e+02  3.135729e+00  8.726646e-02  1.548498e+00  1.230000e+02
0.000000e+00  -1.103233e+02  8.301713e+02  4.028920e+02  3.135729e+00  8.726646e-02  1.548498e+00  1.230000e+02
0.000000e+00  -1.098313e+02  8.301726e+02  4.029897e+02  3.135729e+00  8.726646e-02  1.548498e+00  1.230000e+02
0.000000e+00  -1.093625e+02  8.301735e+02  4.031048e+02  3.135729e+00  8.726646e-02  1.548498e+00  1.230000e+02
0.000000e+00  -1.089169e+02  8.301740e+02  4.032364e+02  3.135729e+00  8.726646e-02  1.548498e+00  1.230000e+02
0.000000e+00  -1.084944e+02  8.301742e+02  4.033835e+02  3.135729e+00  8.726646e-02  1.548498e+00  1.230000e+02
0.000000e+00  -1.080945e+02  8.301741e+02  4.035451e+02  3.135729e+00  8.726646e-02  1.548498e+00  1.230000e+02
0.000000e+00  -1.077170e+02  8.301736e+02  4.037201e+02  3.135729e+00  8.726646e-02  1.548498e+00  1.230000e+02
0.000000e+00  -1.073614e+02  8.301729e+02  4.039075e+02  3.135729e+00  8.726646e-02  1.548498e+00  1.230000e+02
0.000000e+00  -1.070270e+02  8.301719e+02  4.041061e+02  3.135729e+00  8.726646e-02  1.548498e+00  1.230000e+02
0.000000e+00  -1.067132e+02  8.301707e+02  4.043148e+02  3.135729e+00  8.726646e-02  1.548498e+00  1.230000e+02
0.000000e+00  -1.064194e+02  8.301692e+02  4.045325e+02  3.135729e+00  8.726646e-02  1.548498e+00  1.230000e+02
0.000000e+00  -1.061448e+02  8.301676e+02  4.047581e+02  3.135729e+00  8.726646e-02  1.548498e+00  1.230000e+02
0.000000e+00  -1.058887e+02  8.301657e+02  4.049906e+02  3.135729e+00  8.726646e-02  1.548498e+00  1.230000e+02
0.000000e+00  -1.058887e+02  8.301657e+02  4.049906e+02  3.135729e+00  8.726646e-02  1.548498e+00  1.230000e+02
0.000000e+00  -1.058887e+02  8.301657e+02  4.049906e+02  3.135729e+00  8.726646e-02  1.548498e+00  1.230000e+02
0.000000e+00  -1.058887e+02  8.301657e+02  4.049906e+02  3.135729e+00  8.726646e-02  1.548498e+00  1.230000e+02
0.000000e+00  -1.058887e+02  8.301657e+02  4.049906e+02  3.135729e+00  8.726646e-02  1.548498e+00  1.230000e+02
0.000000e+00  -1.058887e+02  8.301657e+02  4.049906e+02  3.135729e+00  8.726646e-02  1.548498e+00  1.230000e+02
0.000000e+00  -1.058887e+02  8.301657e+02  4.049906e+02  3.135729e+00  8.726646e-02  1.548498e+00  1.230000e+02
0.000000e+00  -1.058887e+02  8.301657e+02  4.049906e+02  3.135729e+00  8.726646e-02  1.548498e+00  1.230000e+02
0.000000e+00  -1.058887e+02  8.301657e+02  4.049906e+02  3.135729e+00  8.726646e-02  1.548498e+00  1.230000e+02
0.000000e+00  -1.058887e+02  8.301657e+02  4.049906e+02  3.135729e+00  8.726646e-02  1.548498e+00  1.230000e+02
0.000000e+00  -1.058887e+02  8.301657e+02  4.049906e+02  3.135729e+00  8.726646e-02  1.548498e+00  1.230000e+02
0.000000e+00  -1.058887e+02  8.301657e+02  4.049906e+02  3.135729e+00  8.726646e-02  1.548498e+00  1.230000e+02
0.000000e+00  -1.058887e+02  8.301657e+02  4.049906e+02  3.135729e+00  8.726646e-02  1.548498e+00  1.230000e+02
0.000000e+00  -1.058887e+02  8.301657e+02  4.049906e+02  3.135729e+00  8.726646e-02  1.548498e+00  1.230000e+02
0.000000e+00  -1.058887e+02  8.301657e+02  4.049906e+02  3.135729e+00  8.726646e-02  1.548498e+00  1.230000e+02
0.000000e+00  -1.058887e+02  8.301657e+02  4.049906e+02  3.135729e+00  8.726646e-02  1.548498e+00  1.230000e+02
0.000000e+00  -1.058887e+02  8.301657e+02  4.049906e+02  3.135729e+00  8.726646e-02  1.548498e+00  1.230000e+02
0.000000e+00  -1.058887e+02  8.301657e+02  4.049906e+02  3.135729e+00  8.726646e-02  1.548498e+00  1.230000e+02
0.000000e+00  -1.058887e+02  8.301657e+02  4.049906e+02  3.135729e+00  8.726646e-02  1.548498e+00  1.230000e+02
0.000000e+00  -1.058887e+02  8.301657e+02  4.049906e+02  3.135729e+00  8.726646e-02  1.548498e+00  1.230000e+02
0.000000e+00  -1.058887e+02  8.301657e+02  4.049906e+02  3.135729e+00  8.726646e-02  1.548498e+00  1.230000e+02
0.000000e+00  -1.058887e+02  8.301657e+02  4.049906e+02  3.135729e+00  8.726646e-02  1.548498e+00  1.230000e+02
0.000000e+00  -1.058887e+02  8.301657e+02  4.049906e+02  3.135729e+00  8.726646e-02  1.548498e+00  1.230000e+02
0.000000e+00  -1.058887e+02  8.301657e+02  4.049906e+02  3.135729e+00  8.726646e-02  1.548498e+00  1.230000e+02
0.000000e+00  -1.058887e+02  8.301657e+02  4.049906e+02  3.135729e+00  8.726646e-02  1.548498e+00  1.230000e+02
0.000000e+00  -1.058887e+02  8.301657e+02  4.049906e+02  3.135729e+00  8.726646e-02  1.548498e+00  1.230000e+02
0.000000e+00  -1.058887e+02  8.301657e+02  4.049906e+02  3.135729e+00  8.726646e-02  1.548498e+00  1.230000e+02
0.000000e+00  -1.058887e+02  8.301657e+02  4.049906e+02  3.135729e+00  8.726646e-02  1.548498e+00  1.230000e+02
0.000000e+00  -1.058887e+02  8.301657e+02  4.049906e+02  3.135729e+00  8.726646e-02  1.548498e+00  1.230000e+02
0.000000e+00  -1.058887e+02  8.301657e+02  4.049906e+02  3.135729e+00  8.726646e-02  1.548498e+00  1.230000e+02
0.000000e+00  -1.058887e+02  8.301657e+02  4.049906e+02  3.135729e+00  8.726646e-02  1.548498e+00  1.230000e+02
0.000000e+00  -1.058887e+02  8.301657e+02  4.049906e+02  3.135729e+00  8.726646e-02  1.548498e+00  1.230000e+02
0.000000e+00  -1.058887e+02  8.301657e+02  4.049906e+02  3.135729e+00  8.726646e-02  1.548498e+00  1.230000e+02
0.000000e+00  -1.058887e+02  8.301657e+02  4.049906e+02  3.135729e+00  8.726646e-02  1.548498e+00  1.230000e+02
0.000000e+00  -1.058887e+02  8.301657e+02  4.049906e+02  3.135729e+00  8.726646e-02  1.548498e+00  1.230000e+02
0.000000e+00  -1.058887e+02  8.301657e+02  4.049906e+02  3.135729e+00  8.726646e-02  1.548498e+00  1.230000e+02
0.000000e+00  -1.058887e+02  8.301657e+02  4.049906e+02  3.135729e+00  8.726646e-02  1.548498e+00  1.230000e+02
0.000000e+00  -1.058887e+02  8.301657e+02  4.049906e+02  3.135729e+00  8.726646e-02  1.548498e+00  1.230000e+02
0.000000e+00  -1.058887e+02  8.301657e+02  4.049906e+02  3.135729e+00  8.726646e-02  1.548498e+00  1.230000e+02
0.000000e+00  -1.058887e+02  8.301657e+02  4.049906e+02  3.135729e+00  8.726646e-02  1.548498e+00  1.230000e+02
0.000000e+00  -1.058887e+02  8.301657e+02  4.049906e+02  3.135729e+00  8.726646e-02  1.548498e+00  1.230000e+02
0.000000e+00  -1.058887e+02  8.301657e+02  4.049906e+02  3.135729e+00  8.726646e-02  1.548498e+00  1.230000e+02
0.000000e+00  -1.058887e+02  8.301657e+02  4.049906e+02  3.135729e+00  8.726646e-02  1.548498e+00  1.230000e+02
0.000000e+00  -1.058887e+02  8.301657e+02  4.049906e+02  3.135729e+00  8.726646e-02  1.548498e+00  1.230000e+02
0.000000e+00  -1.058887e+02  8.301657e+02  4.049906e+02  3.135729e+00  8.726646e-02  1.548498e+00  1.230000e+02
0.000000e+00  -1.058887e+02  8.301657e+02  4.049906e+02  3.135729e+00  8.726646e-02  1.548498e+00  1.230000e+02
0.000000e+00  -1.058887e+02  8.301657e+02  4.049906e+02  3.135729e+00  8.726646e-02  1.548498e+00  1.230000e+02
0.000000e+00  -1.058887e+02  8.301657e+02  4.049906e+02  3.135729e+00  8.726646e-02  1.548498e+00  1.230000e+02
0.000000e+00  -1.058887e+02  8.301657e+02  4.049906e+02  3.135729e+00  8.726646e-02  1.548498e+00  1.230000e+02
0.000000e+00  -1.058887e+02  8.301657e+02  4.049906e+02  3.135729e+00  8.726646e-02  1.548498e+00  1.230000e+02
0.000000e+00  -1.058887e+02  8.301657e+02  4.049906e+02  3.135729e+00  8.726646e-02  1.548498e+00  1.230000e+02
0.000000e+00  -1.058887e+02  8.301657e+02  4.049906e+02  3.135729e+00  8.726646e-02  1.548498e+00  1.230000e+02
0.000000e+00  -1.058887e+02  8.301657e+02  4.049906e+02  3.135729e+00  8.726646e-02  1.548498e+00  1.230000e+02
0.000000e+00  -1.058887e+02  8.301657e+02  4.049906e+02  3.135729e+00  8.726646e-02  1.548498e+00  1.230000e+02
0.000000e+00  -1.058887e+02  8.301657e+02  4.049906e+02  3.135729e+00  8.726646e-02  1.548498e+00  1.230000e+02
0.000000e+00  -1.058887e+02  8.301657e+02  4.049906e+02  3.135729e+00  8.726646e-02  1.548498e+00  1.230000e+02
0.000000e+00  -1.058887e+02  8.301657e+02  4.049906e+02  3.135729e+00  8.726646e-02  1.548498e+00  1.230000e+02
0.000000e+00  -1.058887e+02  8.301657e+02  4.049906e+02  3.135729e+00  8.726646e-02  1.548498e+00  1.230000e+02
0.000000e+00  -1.058887e+02  8.301657e+02  4.049906e+02  3.135729e+00  8.726646e-02  1.548498e+00  1.230000e+02
0.000000e+00  -1.058887e+02  8.301657e+02  4.049906e+02  3.135729e+00  8.726646e-02  1.548498e+00  1.230000e+02
0.000000e+00  -1.058887e+02  8.301657e+02  4.049906e+02  3.135729e+00  8.726646e-02  1.548498e+00  1.230000e+02
0.000000e+00  -1.058887e+02  8.301657e+02  4.049906e+02  3.135729e+00  8.726646e-02  1.548498e+00  1.230000e+02
0.000000e+00  -1.058887e+02  8.301657e+02  4.049906e+02  3.135729e+00  8.726646e-02  1.548498e+00  1.230000e+02
0.000000e+00  -1.058887e+02  8.301657e+02  4.049906e+02  3.135729e+00  8.726646e-02  1.548498e+00  1.230000e+02
0.000000e+00  -1.058887e+02  8.301657e+02  4.049906e+02  3.135729e+00  8.726646e-02  1.548498e+00  1.230000e+02
0.000000e+00  -1.058887e+02  8.301657e+02  4.049906e+02  3.135729e+00  8.726646e-02  1.548498e+00  1.230000e+02
0.000000e+00  -1.058887e+02  8.301657e+02  4.049906e+02  3.135729e+00  8.726646e-02  1.548498e+00  1.230000e+02
0.000000e+00  -1.058887e+02  8.301657e+02  4.049906e+02  3.135729e+00  8.726646e-02  1.548498e+00  1.230000e+02
0.000000e+00  -1.058887e+02  8.301657e+02  4.049906e+02  3.135729e+00  8.726646e-02  1.548498e+00  1.230000e+02
0.000000e+00  -1.058887e+02  8.301657e+02  4.049906e+02  3.135729e+00  8.726646e-02  1.548498e+00  1.230000e+02
0.000000e+00  -1.058887e+02  8.301657e+02  4.049906e+02  3.135729e+00  8.726646e-02  1.548498e+00  1.230000e+02
0.000000e+00  -1.058887e+02  8.301657e+02  4.049906e+02  3.135729e+00  8.726646e-02  1.548498e+00  1.230000e+02
0.000000e+00  -1.058887e+02  8.301657e+02  4.049906e+02  3.135729e+00  8.726646e-02  1.548498e+00  1.230000e+02
0.000000e+00  -1.058887e+02  8.301657e+02  4.049906e+02  3.135729e+00  8.726646e-02  1.548498e+00  1.230000e+02
0.000000e+00  -1.058887e+02  8.301657e+02  4.049906e+02  3.135729e+00  8.726646e-02  1.548498e+00  1.230000e+02
0.000000e+00  -1.058887e+02  8.301657e+02  4.049906e+02  3.135729e+00  8.726646e-02  1.548498e+00  1.230000e+02
0.000000e+00  -1.058887e+02  8.301657e+02  4.049906e+02  3.135729e+00  8.726646e-02  1.548498e+00  1.230000e+02
0.000000e+00  -1.058887e+02  8.301657e+02  4.049906e+02  3.135729e+00  8.726646e-02  1.548498e+00  1.230000e+02
0.000000e+00  -1.058887e+02  8.301657e+02  4.049906e+02  3.135729e+00  8.726646e-02  1.548498e+00  1.230000e+02
0.000000e+00  -1.058887e+02  8.301657e+02  4.049906e+02  3.135729e+00  8.726646e-02  1.548498e+00  1.230000e+02
0.000000e+00  -1.058887e+02  8.301657e+02  4.049906e+02  3.135729e+00  8.726646e-02  1.548498e+00  1.230000e+02
0.000000e+00  -1.058887e+02  8.301657e+02  4.049906e+02  3.135729e+00  8.726646e-02  1.548498e+00  1.230000e+02
0.000000e+00  -1.058887e+02  8.301657e+02  4.049906e+02  3.135729e+00  8.726646e-02  1.548498e+00  1.230000e+02
0.000000e+00  -1.058887e+02  8.301657e+02  4.049906e+02  3.135729e+00  8.726646e-02  1.548498e+00  1.230000e+02
0.000000e+00  -1.058887e+02  8.301657e+02  4.049906e+02  3.135729e+00  8.726646e-02  1.548498e+00  1.230000e+02
0.000000e+00  -1.058887e+02  8.301657e+02  4.049906e+02  3.135729e+00  8.726646e-02  1.548498e+00  1.230000e+02
0.000000e+00  -1.058887e+02  8.301657e+02  4.049906e+02  3.135729e+00  8.726646e-02  1.548498e+00  1.230000e+02
0.000000e+00  -1.058887e+02  8.301657e+02  4.049906e+02  3.135729e+00  8.726646e-02  1.548498e+00  1.230000e+02
0.000000e+00  -1.058887e+02  8.301657e+02  4.049906e+02  3.135729e+00  8.726646e-02  1.548498e+00  1.230000e+02
0.000000e+00  -1.058887e+02  8.301657e+02  4.049906e+02  3.135729e+00  8.726646e-02  1.548498e+00  1.230000e+02
0.000000e+00  -1.058887e+02  8.301657e+02  4.049906e+02  3.135729e+00  8.726646e-02  1.548498e+00  1.230000e+02
0.000000e+00  -1.058887e+02  8.301657e+02  4.049906e+02  3.135729e+00  8.726646e-02  1.548498e+00  1.230000e+02
0.000000e+00  -1.058887e+02  8.301657e+02  4.049906e+02  3.135729e+00  8.726646e-02  1.548498e+00  1.230000e+02
0.000000e+00  -1.058887e+02  8.301657e+02  4.049906e+02  3.135729e+00  8.726646e-02  1.548498e+00  1.230000e+02
0.000000e+00  -1.058887e+02  8.301657e+02  4.049906e+02  3.135729e+00  8.726646e-02  1.548498e+00  1.230000e+02
0.000000e+00  -1.058887e+02  8.301657e+02  4.049906e+02  3.135729e+00  8.726646e-02  1.548498e+00  1.230000e+02
0.000000e+00  -1.058887e+02  8.301657e+02  4.049906e+02  3.135729e+00  8.726646e-02  1.548498e+00  1.230000e+02
0.000000e+00  -1.058887e+02  8.301657e+02  4.049906e+02  3.135729e+00  8.726646e-02  1.548498e+00  1.230000e+02
0.000000e+00  -1.058887e+02  8.301657e+02  4.049906e+02  3.135729e+00  8.726646e-02  1.548498e+00  1.230000e+02
0.000000e+00  -1.058887e+02  8.301657e+02  4.049906e+02  3.135729e+00  8.726646e-02  1.548498e+00  1.230000e+02
0.000000e+00  -1.058887e+02  8.301657e+02  4.049906e+02  3.135729e+00  8.726646e-02  1.548498e+00  1.230000e+02
0.000000e+00  -1.058887e+02  8.301657e+02  4.049906e+02  3.135729e+00  8.726646e-02  1.548498e+00  1.230000e+02
0.000000e+00  -1.058887e+02  8.301657e+02  4.049906e+02  3.135729e+00  8.726646e-02  1.548498e+00  1.230000e+02
0.000000e+00  -1.058887e+02  8.301657e+02  4.049906e+02  3.135729e+00  8.726646e-02  1.548498e+00  1.230000e+02
0.000000e+00  -1.058887e+02  8.301657e+02  4.049906e+02  3.135729e+00  8.726646e-02  1.548498e+00  1.230000e+02
0.000000e+00  -1.058887e+02  8.301657e+02  4.049906e+02  3.135729e+00  8.726646e-02  1.548498e+00  1.230000e+02
0.000000e+00  -1.058887e+02  8.301657e+02  4.049906e+02  3.135729e+00  8.726646e-02  1.548498e+00  1.230000e+02
0.000000e+00  -1.058887e+02  8.301657e+02  4.049906e+02  3.135729e+00  8.726646e-02  1.548498e+00  1.230000e+02
0.000000e+00  -1.058887e+02  8.301657e+02  4.049906e+02  3.135729e+00  8.726646e-02  1.548498e+00  1.230000e+02
0.000000e+00  -1.058887e+02  8.301657e+02  4.049906e+02  3.135729e+00  8.726646e-02  1.548498e+00  1.230000e+02
0.000000e+00  -1.058887e+02  8.301657e+02  4.049906e+02  3.135729e+00  8.726646e-02  1.548498e+00  1.230000e+02
0.000000e+00  -1.058887e+02  8.301657e+02  4.049906e+02  3.135729e+00  8.726646e-02  1.548498e+00  1.230000e+02
0.000000e+00  -1.058887e+02  8.301657e+02  4.049906e+02  3.135729e+00  8.726646e-02  1.548498e+00  1.230000e+02
0.000000e+00  -1.058887e+02  8.301657e+02  4.049906e+02  3.135729e+00  8.726646e-02  1.548498e+00  1.230000e+02
0.000000e+00  -1.058887e+02  8.301657e+02  4.049906e+02  3.135729e+00  8.726646e-02  1.548498e+00  1.230000e+02
0.000000e+00  -1.058887e+02  8.301657e+02  4.049906e+02  3.135729e+00  8.726646e-02  1.548498e+00  1.230000e+02
0.000000e+00  -1.058887e+02  8.301657e+02  4.049906e+02  3.135729e+00  8.726646e-02  1.548498e+00  1.230000e+02
0.000000e+00  -1.058887e+02  8.301657e+02  4.049906e+02  3.135729e+00  8.726646e-02  1.548498e+00  1.230000e+02
0.000000e+00  -1.058887e+02  8.301657e+02  4.049906e+02  3.135729e+00  8.726646e-02  1.548498e+00  1.230000e+02
0.000000e+00  -1.058887e+02  8.301657e+02  4.049906e+02  3.135729e+00  8.726646e-02  1.548498e+00  1.230000e+02
0.000000e+00  -1.058887e+02  8.301657e+02  4.049906e+02  3.135729e+00  8.726646e-02  1.548498e+00  1.230000e+02
0.000000e+00  -1.058887e+02  8.301657e+02  4.049906e+02  3.135729e+00  8.726646e-02  1.548498e+00  1.230000e+02
0.000000e+00  -1.058887e+02  8.301657e+02  4.049906e+02  3.135729e+00  8.726646e-02  1.548498e+00  1.230000e+02
0.000000e+00  -1.058887e+02  8.301657e+02  4.049906e+02  3.135729e+00  8.726646e-02  1.548498e+00  1.230000e+02
0.000000e+00  -1.058887e+02  8.301657e+02  4.049906e+02  3.135729e+00  8.726646e-02  1.548498e+00  1.230000e+02
0.000000e+00  -1.058887e+02  8.301657e+02  4.049906e+02  3.135729e+00  8.726646e-02  1.548498e+00  1.230000e+02
0.000000e+00  -1.058887e+02  8.301657e+02  4.049906e+02  3.135729e+00  8.726646e-02  1.548498e+00  1.230000e+02
0.000000e+00  -1.058887e+02  8.301657e+02  4.049906e+02  3.135729e+00  8.726646e-02  1.548498e+00  1.230000e+02
0.000000e+00  -1.058887e+02  8.301657e+02  4.049906e+02  3.135729e+00  8.726646e-02  1.548498e+00  1.230000e+02
0.000000e+00  -1.058887e+02  8.301657e+02  4.049906e+02  3.135729e+00  8.726646e-02  1.548498e+00  1.230000e+02
0.000000e+00  -1.058887e+02  8.301657e+02  4.049906e+02  3.135729e+00  8.726646e-02  1.548498e+00  1.230000e+02
0.000000e+00  -1.058887e+02  8.301657e+02  4.049906e+02  3.135729e+00  8.726646e-02  1.548498e+00  1.230000e+02
0.000000e+00  -1.058887e+02  8.301657e+02  4.049906e+02  3.135729e+00  8.726646e-02  1.548498e+00  1.230000e+02
0.000000e+00  -1.058887e+02  8.301657e+02  4.049906e+02  3.135729e+00  8.726646e-02  1.548498e+00  1.230000e+02
0.000000e+00  -1.058887e+02  8.301657e+02  4.049906e+02  3.135729e+00  8.726646e-02  1.548498e+00  1.230000e+02
0.000000e+00  -1.058887e+02  8.301657e+02  4.049906e+02  3.135729e+00  8.726646e-02  1.548498e+00  1.230000e+02
0.000000e+00  -1.058887e+02  8.301657e+02  4.049906e+02  3.135729e+00  8.726646e-02  1.548498e+00  1.230000e+02
0.000000e+00  -1.058887e+02  8.301657e+02  4.049906e+02  3.135729e+00  8.726646e-02  1.548498e+00  1.230000e+02
0.000000e+00  -1.058887e+02  8.301657e+02  4.049906e+02  3.135729e+00  8.726646e-02  1.548498e+00  1.230000e+02
0.000000e+00  -1.058887e+02  8.301657e+02  4.049906e+02  3.135729e+00  8.726646e-02  1.548498e+00  1.230000e+02
0.000000e+00  -1.058887e+02  8.301657e+02  4.049906e+02  3.135729e+00  8.726646e-02  1.548498e+00  1.230000e+02
0.000000e+00  -1.058887e+02  8.301657e+02  4.049906e+02  3.135729e+00  8.726646e-02  1.548498e+00  1.230000e+02
0.000000e+00  -1.058887e+02  8.301657e+02  4.049906e+02  3.135729e+00  8.726646e-02  1.548498e+00  1.230000e+02
0.000000e+00  -1.058887e+02  8.301657e+02  4.049906e+02  3.135729e+00  8.726646e-02  1.548498e+00  1.230000e+02
0.000000e+00  -1.058887e+02  8.301657e+02  4.049906e+02  3.135729e+00  8.726646e-02  1.548498e+00  1.230000e+02
0.000000e+00  -1.058887e+02  8.301657e+02  4.049906e+02  3.135729e+00  8.726646e-02  1.548498e+00  1.230000e+02
0.000000e+00  -1.058887e+02  8.301657e+02  4.049906e+02  3.135729e+00  8.726646e-02  1.548498e+00  1.230000e+02
0.000000e+00  -1.058887e+02  8.301657e+02  4.049906e+02  3.135729e+00  8.726646e-02  1.548498e+00  1.230000e+02
0.000000e+00  -1.058887e+02  8.301657e+02  4.049906e+02  3.135729e+00  8.726646e-02  1.548498e+00  1.230000e+02
0.000000e+00  -1.058887e+02  8.301657e+02  4.049906e+02  3.135729e+00  8.726646e-02  1.548498e+00  1.230000e+02
0.000000e+00  -1.058887e+02  8.301657e+02  4.049906e+02  3.135729e+00  8.726646e-02  1.548498e+00  1.230000e+02
0.000000e+00  -1.058887e+02  8.301657e+02  4.049906e+02  3.135729e+00  8.726646e-02  1.548498e+00  1.230000e+02
0.000000e+00  -1.058887e+02  8.301657e+02  4.049906e+02  3.135729e+00  8.726646e-02  1.548498e+00  1.230000e+02
0.000000e+00  -1.058887e+02  8.301657e+02  4.049906e+02  3.135729e+00  8.726646e-02  1.548498e+00  1.230000e+02
0.000000e+00  -1.058887e+02  8.301657e+02  4.049906e+02  3.135729e+00  8.726646e-02  1.548498e+00  1.230000e+02
0.000000e+00  -1.058887e+02  8.301657e+02  4.049906e+02  3.135729e+00  8.726646e-02  1.548498e+00  1.230000e+02
0.000000e+00  -1.058887e+02  8.301657e+02  4.049906e+02  3.135729e+00  8.726646e-02  1.548498e+00  1.230000e+02
0.000000e+00  -1.058887e+02  8.301657e+02  4.049906e+02  3.135729e+00  8.726646e-02  1.548498e+00  1.230000e+02
0.000000e+00  -1.058887e+02  8.301657e+02  4.049906e+02  3.135729e+00  8.726646e-02  1.548498e+00  1.230000e+02
0.000000e+00  -1.058887e+02  8.301657e+02  4.049906e+02  3.135729e+00  8.726646e-02  1.548498e+00  1.230000e+02
0.000000e+00  -1.058887e+02  8.301657e+02  4.049906e+02  3.135729e+00  8.726646e-02  1.548498e+00  1.230000e+02
0.000000e+00  -1.058887e+02  8.301657e+02  4.049906e+02  3.135729e+00  8.726646e-02  1.548498e+00  1.230000e+02
0.000000e+00  -1.058887e+02  8.301657e+02  4.049906e+02  3.135729e+00  8.726646e-02  1.548498e+00  1.230000e+02
0.000000e+00  -1.058887e+02  8.301657e+02  4.049906e+02  3.135729e+00  8.726646e-02  1.548498e+00  1.230000e+02
0.000000e+00  -1.058887e+02  8.301657e+02  4.049906e+02  3.135729e+00  8.726646e-02  1.548498e+00  1.230000e+02
0.000000e+00  -1.058887e+02  8.301657e+02  4.049906e+02  3.135729e+00  8.726646e-02  1.548498e+00  1.230000e+02
0.000000e+00  -1.058887e+02  8.301657e+02  4.049906e+02  3.135729e+00  8.726646e-02  1.548498e+00  1.230000e+02
0.000000e+00  -1.058887e+02  8.301657e+02  4.049906e+02  3.135729e+00  8.726646e-02  1.548498e+00  1.230000e+02
0.000000e+00  -1.058887e+02  8.301657e+02  4.049906e+02  3.135729e+00  8.726646e-02  1.548498e+00  1.230000e+02
0.000000e+00  -1.058887e+02  8.301657e+02  4.049906e+02  3.135729e+00  8.726646e-02  1.548498e+00  1.230000e+02
0.000000e+00  -1.058887e+02  8.301657e+02  4.049906e+02  3.135729e+00  8.726646e-02  1.548498e+00  1.230000e+02
0.000000e+00  -1.058887e+02  8.301657e+02  4.049906e+02  3.135729e+00  8.726646e-02  1.548498e+00  1.230000e+02
0.000000e+00  -1.058887e+02  8.301657e+02  4.049906e+02  3.135729e+00  8.726646e-02  1.548498e+00  1.230000e+02
0.000000e+00  -1.058887e+02  8.301657e+02  4.049906e+02  3.135729e+00  8.726646e-02  1.548498e+00  1.230000e+02
0.000000e+00  -1.058887e+02  8.301657e+02  4.049906e+02  3.135729e+00  8.726646e-02  1.548498e+00  1.230000e+02
0.000000e+00  -1.058887e+02  8.301657e+02  4.049906e+02  3.135729e+00  8.726646e-02  1.548498e+00  1.230000e+02
0.000000e+00  -1.058887e+02  8.301657e+02  4.049906e+02  3.135729e+00  8.726646e-02  1.548498e+00  1.230000e+02
0.000000e+00  -1.058887e+02  8.301657e+02  4.049906e+02  3.135729e+00  8.726646e-02  1.548498e+00  1.230000e+02
0.000000e+00  -1.058887e+02  8.301657e+02  4.049906e+02  3.135729e+00  8.726646e-02  1.548498e+00  1.230000e+02
0.000000e+00  -1.058887e+02  8.301657e+02  4.049906e+02  3.135729e+00  8.726646e-02  1.548498e+00  1.230000e+02
0.000000e+00  -1.058887e+02  8.301657e+02  4.049906e+02  3.135729e+00  8.726646e-02  1.548498e+00  1.230000e+02
0.000000e+00  -1.058887e+02  8.301657e+02  4.049906e+02  3.135729e+00  8.726646e-02  1.548498e+00  1.230000e+02
0.000000e+00  -1.058887e+02  8.301657e+02  4.049906e+02  3.135729e+00  8.726646e-02  1.548498e+00  1.230000e+02
0.000000e+00  -1.058887e+02  8.301657e+02  4.049906e+02  3.135729e+00  8.726646e-02  1.548498e+00  1.230000e+02
0.000000e+00  -1.058887e+02  8.301657e+02  4.049906e+02  3.135729e+00  8.726646e-02  1.548498e+00  1.230000e+02
0.000000e+00  -1.058887e+02  8.301657e+02  4.049906e+02  3.135729e+00  8.726646e-02  1.548498e+00  1.230000e+02
0.000000e+00  -1.058887e+02  8.301657e+02  4.049906e+02  3.135729e+00  8.726646e-02  1.548498e+00  1.230000e+02
0.000000e+00  -1.058887e+02  8.301657e+02  4.049906e+02  3.135729e+00  8.726646e-02  1.548498e+00  1.230000e+02
0.000000e+00  -1.058887e+02  8.301657e+02  4.049906e+02  3.135729e+00  8.726646e-02  1.548498e+00  1.230000e+02
0.000000e+00  -1.058887e+02  8.301657e+02  4.049906e+02  3.135729e+00  8.726646e-02  1.548498e+00  1.230000e+02
0.000000e+00  -1.058887e+02  8.301657e+02  4.049906e+02  3.135729e+00  8.726646e-02  1.548498e+00  1.230000e+02
0.000000e+00  -1.058887e+02  8.301657e+02  4.049906e+02  3.135729e+00  8.726646e-02  1.548498e+00  1.230000e+02
0.000000e+00  -1.058887e+02  8.301657e+02  4.049906e+02  3.135729e+00  8.726646e-02  1.548498e+00  1.230000e+02
0.000000e+00  -1.058887e+02  8.301657e+02  4.049906e+02  3.135729e+00  8.726646e-02  1.548498e+00  1.230000e+02
0.000000e+00  -1.058887e+02  8.301657e+02  4.049906e+02  3.135729e+00  8.726646e-02  1.548498e+00  1.230000e+02
0.000000e+00  -1.058887e+02  8.301657e+02  4.049906e+02  3.135729e+00  8.726646e-02  1.548498e+00  1.230000e+02
0.000000e+00  -1.058887e+02  8.301657e+02  4.049906e+02  3.135729e+00  8.726646e-02  1.548498e+00  1.230000e+02
0.000000e+00  -1.058887e+02  8.301657e+02  4.049906e+02  3.135729e+00  8.726646e-02  1.548498e+00  1.230000e+02
0.000000e+00  -1.058887e+02  8.301657e+02  4.049906e+02  3.135729e+00  8.726646e-02  1.548498e+00  1.230000e+02
0.000000e+00  -1.058887e+02  8.301657e+02  4.049906e+02  3.135729e+00  8.726646e-02  1.548498e+00  1.230000e+02
0.000000e+00  -1.058887e+02  8.301657e+02  4.049906e+02  3.135729e+00  8.726646e-02  1.548498e+00  1.230000e+02
0.000000e+00  -1.058887e+02  8.301657e+02  4.049906e+02  3.135729e+00  8.726646e-02  1.548498e+00  1.230000e+02
0.000000e+00  -1.058887e+02  8.301657e+02  4.049906e+02  3.135729e+00  8.726646e-02  1.548498e+00  1.230000e+02
0.000000e+00  -1.058887e+02  8.301657e+02  4.049906e+02  3.135729e+00  8.726646e-02  1.548498e+00  1.230000e+02
0.000000e+00  -1.058887e+02  8.301657e+02  4.049906e+02  3.135729e+00  8.726646e-02  1.548498e+00  1.230000e+02
0.000000e+00  -1.058887e+02  8.301657e+02  4.049906e+02  3.135729e+00  8.726646e-02  1.548498e+00  1.230000e+02
0.000000e+00  -1.058887e+02  8.301657e+02  4.049906e+02  3.135729e+00  8.726646e-02  1.548498e+00  1.230000e+02
0.000000e+00  -1.058887e+02  8.301657e+02  4.049906e+02  3.135729e+00  8.726646e-02  1.548498e+00  1.230000e+02
0.000000e+00  -1.058887e+02  8.301657e+02  4.049906e+02  3.135729e+00  8.726646e-02  1.548498e+00  1.230000e+02
0.000000e+00  -1.058887e+02  8.301657e+02  4.049906e+02  3.135729e+00  8.726646e-02  1.548498e+00  1.230000e+02
0.000000e+00  -1.058887e+02  8.301657e+02  4.049906e+02  3.135729e+00  8.726646e-02  1.548498e+00  1.230000e+02
0.000000e+00  -1.058887e+02  8.301657e+02  4.049906e+02  3.135729e+00  8.726646e-02  1.548498e+00  1.230000e+02
0.000000e+00  -1.058887e+02  8.301657e+02  4.049906e+02  3.135729e+00  8.726646e-02  1.548498e+00  1.230000e+02
0.000000e+00  -1.058887e+02  8.301657e+02  4.049906e+02  3.135729e+00  8.726646e-02  1.548498e+00  1.230000e+02
0.000000e+00  -1.058887e+02  8.301657e+02  4.049906e+02  3.135729e+00  8.726646e-02  1.548498e+00  1.230000e+02
0.000000e+00  -1.058887e+02  8.301657e+02  4.049906e+02  3.135729e+00  8.726646e-02  1.548498e+00  1.230000e+02
0.000000e+00  -1.058887e+02  8.301657e+02  4.049906e+02  3.135729e+00  8.726646e-02  1.548498e+00  1.230000e+02
0.000000e+00  -1.058887e+02  8.301657e+02  4.049906e+02  3.135729e+00  8.726646e-02  1.548498e+00  1.230000e+02
0.000000e+00  -1.058887e+02  8.301657e+02  4.049906e+02  3.135729e+00  8.726646e-02  1.548498e+00  1.230000e+02
0.000000e+00  -1.058887e+02  8.301657e+02  4.049906e+02  3.135729e+00  8.726646e-02  1.548498e+00  1.230000e+02
0.000000e+00  -1.058887e+02  8.301657e+02  4.049906e+02  3.135729e+00  8.726646e-02  1.548498e+00  1.230000e+02
0.000000e+00  -1.058887e+02  8.301657e+02  4.049906e+02  3.135729e+00  8.726646e-02  1.548498e+00  1.230000e+02
0.000000e+00  -1.058887e+02  8.301657e+02  4.049906e+02  3.135729e+00  8.726646e-02  1.548498e+00  1.230000e+02
0.000000e+00  -1.058887e+02  8.301657e+02  4.049906e+02  3.135729e+00  8.726646e-02  1.548498e+00  1.230000e+02
0.000000e+00  -1.058887e+02  8.301657e+02  4.049906e+02  3.135729e+00  8.726646e-02  1.548498e+00  1.230000e+02
0.000000e+00  -1.058887e+02  8.301657e+02  4.049906e+02  3.135729e+00  8.726646e-02  1.548498e+00  1.230000e+02
0.000000e+00  -1.058887e+02  8.301657e+02  4.049906e+02  3.135729e+00  8.726646e-02  1.548498e+00  1.230000e+02
0.000000e+00  -1.058887e+02  8.301657e+02  4.049906e+02  3.135729e+00  8.726646e-02  1.548498e+00  1.230000e+02
0.000000e+00  -1.058887e+02  8.301657e+02  4.049906e+02  3.135729e+00  8.726646e-02  1.548498e+00  1.230000e+02
0.000000e+00  -1.058887e+02  8.301657e+02  4.049906e+02  3.135729e+00  8.726646e-02  1.548498e+00  1.230000e+02
0.000000e+00  -1.058887e+02  8.301657e+02  4.049906e+02  3.135729e+00  8.726646e-02  1.548498e+00  1.230000e+02
0.000000e+00  -1.058887e+02  8.301657e+02  4.049906e+02  3.135729e+00  8.726646e-02  1.548498e+00  1.230000e+02
0.000000e+00  -1.058887e+02  8.301657e+02  4.049906e+02  3.135729e+00  8.726646e-02  1.548498e+00  1.230000e+02
0.000000e+00  -1.058887e+02  8.301657e+02  4.049906e+02  3.135729e+00  8.726646e-02  1.548498e+00  1.230000e+02
0.000000e+00  -1.058887e+02  8.301657e+02  4.049906e+02  3.135729e+00  8.726646e-02  1.548498e+00  1.230000e+02
0.000000e+00  -1.058887e+02  8.301657e+02  4.049906e+02  3.135729e+00  8.726646e-02  1.548498e+00  1.230000e+02
0.000000e+00  -1.058887e+02  8.301657e+02  4.049906e+02  3.135729e+00  8.726646e-02  1.548498e+00  1.230000e+02
0.000000e+00  -1.058887e+02  8.301657e+02  4.049906e+02  3.135729e+00  8.726646e-02  1.548498e+00  1.230000e+02
0.000000e+00  -1.058887e+02  8.301657e+02  4.049906e+02  3.135729e+00  8.726646e-02  1.548498e+00  1.230000e+02
0.000000e+00  -1.058887e+02  8.301657e+02  4.049906e+02  3.135729e+00  8.726646e-02  1.548498e+00  1.230000e+02
0.000000e+00  -1.058887e+02  8.301657e+02  4.049906e+02  3.135729e+00  8.726646e-02  1.548498e+00  1.230000e+02
0.000000e+00  -1.058887e+02  8.301657e+02  4.049906e+02  3.135729e+00  8.726646e-02  1.548498e+00  1.230000e+02
0.000000e+00  -1.058887e+02  8.301657e+02  4.049906e+02  3.135729e+00  8.726646e-02  1.548498e+00  1.230000e+02
0.000000e+00  -1.058887e+02  8.301657e+02  4.049906e+02  3.135729e+00  8.726646e-02  1.548498e+00  1.230000e+02
0.000000e+00  -1.058887e+02  8.301657e+02  4.049906e+02  3.135729e+00  8.726646e-02  1.548498e+00  1.230000e+02
0.000000e+00  -1.058887e+02  8.301657e+02  4.049906e+02  3.135729e+00  8.726646e-02  1.548498e+00  1.230000e+02
0.000000e+00  -1.058887e+02  8.301657e+02  4.049906e+02  3.135729e+00  8.726646e-02  1.548498e+00  1.230000e+02
0.000000e+00  -1.058887e+02  8.301657e+02  4.049906e+02  3.135729e+00  8.726646e-02  1.548498e+00  1.230000e+02
0.000000e+00  -1.058887e+02  8.301657e+02  4.049906e+02  3.135729e+00  8.726646e-02  1.548498e+00  1.230000e+02
0.000000e+00  -1.058887e+02  8.301657e+02  4.049906e+02  3.135729e+00  8.726646e-02  1.548498e+00  1.230000e+02
0.000000e+00  -1.058887e+02  8.301657e+02  4.049906e+02  3.135729e+00  8.726646e-02  1.548498e+00  1.230000e+02
0.000000e+00  -1.058887e+02  8.301657e+02  4.049906e+02  3.135729e+00  8.726646e-02  1.548498e+00  1.230000e+02
0.000000e+00  -1.058887e+02  8.301657e+02  4.049906e+02  3.135729e+00  8.726646e-02  1.548498e+00  1.230000e+02
0.000000e+00  -1.058887e+02  8.301657e+02  4.049906e+02  3.135729e+00  8.726646e-02  1.548498e+00  1.230000e+02
0.000000e+00  -1.058887e+02  8.301657e+02  4.049906e+02  3.135729e+00  8.726646e-02  1.548498e+00  1.230000e+02
0.000000e+00  -1.058887e+02  8.301657e+02  4.049906e+02  3.135729e+00  8.726646e-02  1.548498e+00  1.230000e+02
0.000000e+00  -1.058887e+02  8.301657e+02  4.049906e+02  3.135729e+00  8.726646e-02  1.548498e+00  1.230000e+02
0.000000e+00  -1.058887e+02  8.301657e+02  4.049906e+02  3.135729e+00  8.726646e-02  1.548498e+00  1.230000e+02
0.000000e+00  -1.058887e+02  8.301657e+02  4.049906e+02  3.135729e+00  8.726646e-02  1.548498e+00  1.230000e+02
0.000000e+00  -1.058887e+02  8.301657e+02  4.049906e+02  3.135729e+00  8.726646e-02  1.548498e+00  1.230000e+02
0.000000e+00  -1.058887e+02  8.301657e+02  4.049906e+02  3.135729e+00  8.726646e-02  1.548498e+00  1.230000e+02
0.000000e+00  -1.058887e+02  8.301657e+02  4.049906e+02  3.135729e+00  8.726646e-02  1.548498e+00  1.230000e+02
0.000000e+00  -1.058887e+02  8.301657e+02  4.049906e+02  3.135729e+00  8.726646e-02  1.548498e+00  1.230000e+02
0.000000e+00  -1.058887e+02  8.301657e+02  4.049906e+02  3.135729e+00  8.726646e-02  1.548498e+00  1.230000e+02
0.000000e+00  -1.058887e+02  8.301657e+02  4.049906e+02  3.135729e+00  8.726646e-02  1.548498e+00  1.230000e+02
0.000000e+00  -1.058887e+02  8.301657e+02  4.049906e+02  3.135729e+00  8.726646e-02  1.548498e+00  1.230000e+02
0.000000e+00  -1.058887e+02  8.301657e+02  4.049906e+02  3.135729e+00  8.726646e-02  1.548498e+00  1.230000e+02
0.000000e+00  -1.058887e+02  8.301657e+02  4.049906e+02  3.135729e+00  8.726646e-02  1.548498e+00  1.230000e+02
0.000000e+00  -1.058887e+02  8.301657e+02  4.049906e+02  3.135729e+00  8.726646e-02  1.548498e+00  1.230000e+02
0.000000e+00  -1.058887e+02  8.301657e+02  4.049906e+02  3.135729e+00  8.726646e-02  1.548498e+00  1.230000e+02
0.000000e+00  -1.058887e+02  8.301657e+02  4.049906e+02  3.135729e+00  8.726646e-02  1.548498e+00  1.230000e+02
0.000000e+00  -1.058887e+02  8.301657e+02  4.049906e+02  3.135729e+00  8.726646e-02  1.548498e+00  1.230000e+02
0.000000e+00  -1.058887e+02  8.301657e+02  4.049906e+02  3.135729e+00  8.726646e-02  1.548498e+00  1.230000e+02
0.000000e+00  -1.058887e+02  8.301657e+02  4.049906e+02  3.135729e+00  8.726646e-02  1.548498e+00  1.230000e+02
0.000000e+00  -1.058887e+02  8.301657e+02  4.049906e+02  3.135729e+00  8.726646e-02  1.548498e+00  1.230000e+02
0.000000e+00  -1.058887e+02  8.301657e+02  4.049906e+02  3.135729e+00  8.726646e-02  1.548498e+00  1.230000e+02
0.000000e+00  -1.058887e+02  8.301657e+02  4.049906e+02  3.135729e+00  8.726646e-02  1.548498e+00  1.230000e+02
0.000000e+00  -1.058887e+02  8.301657e+02  4.049906e+02  3.135729e+00  8.726646e-02  1.548498e+00  1.230000e+02
0.000000e+00  -1.058887e+02  8.301657e+02  4.049906e+02  3.135729e+00  8.726646e-02  1.548498e+00  1.230000e+02
0.000000e+00  -1.058887e+02  8.301657e+02  4.049906e+02  3.135729e+00  8.726646e-02  1.548498e+00  1.230000e+02
0.000000e+00  -1.058887e+02  8.301657e+02  4.049906e+02  3.135729e+00  8.726646e-02  1.548498e+00  1.230000e+02
0.000000e+00  -1.058887e+02  8.301657e+02  4.049906e+02  3.135729e+00  8.726646e-02  1.548498e+00  1.230000e+02
0.000000e+00  -1.058887e+02  8.301657e+02  4.049906e+02  3.135729e+00  8.726646e-02  1.548498e+00  1.230000e+02
0.000000e+00  -1.058887e+02  8.301657e+02  4.049906e+02  3.135729e+00  8.726646e-02  1.548498e+00  1.230000e+02
0.000000e+00  -1.058887e+02  8.301657e+02  4.049906e+02  3.135729e+00  8.726646e-02  1.548498e+00  1.230000e+02
0.000000e+00  -1.058887e+02  8.301657e+02  4.049906e+02  3.135729e+00  8.726646e-02  1.548498e+00  1.230000e+02
0.000000e+00  -1.058887e+02  8.301657e+02  4.049906e+02  3.135729e+00  8.726646e-02  1.548498e+00  1.230000e+02
0.000000e+00  -1.058887e+02  8.301657e+02  4.049906e+02  3.135729e+00  8.726646e-02  1.548498e+00  1.230000e+02
0.000000e+00  -1.058887e+02  8.301657e+02  4.049906e+02  3.135729e+00  8.726646e-02  1.548498e+00  1.230000e+02
0.000000e+00  -1.058887e+02  8.301657e+02  4.049906e+02  3.135729e+00  8.726646e-02  1.548498e+00  1.230000e+02
0.000000e+00  -1.058887e+02  8.301657e+02  4.049906e+02  3.135729e+00  8.726646e-02  1.548498e+00  1.230000e+02
0.000000e+00  -1.058887e+02  8.301657e+02  4.049906e+02  3.135729e+00  8.726646e-02  1.548498e+00  1.230000e+02
0.000000e+00  -1.058887e+02  8.301657e+02  4.049906e+02  3.135729e+00  8.726646e-02  1.548498e+00  1.230000e+02
0.000000e+00  -1.058887e+02  8.301657e+02  4.049906e+02  3.135729e+00  8.726646e-02  1.548498e+00  1.230000e+02
0.000000e+00  -1.058887e+02  8.301657e+02  4.049906e+02  3.135729e+00  8.726646e-02  1.548498e+00  1.230000e+02
0.000000e+00  -1.058887e+02  8.301657e+02  4.049906e+02  3.135729e+00  8.726646e-02  1.548498e+00  1.230000e+02
0.000000e+00  -1.058887e+02  8.301657e+02  4.049906e+02  3.135729e+00  8.726646e-02  1.548498e+00  1.230000e+02
0.000000e+00  -1.058887e+02  8.301657e+02  4.049906e+02  3.135729e+00  8.726646e-02  1.548498e+00  1.230000e+02
0.000000e+00  -1.058887e+02  8.301657e+02  4.049906e+02  3.135729e+00  8.726646e-02  1.548498e+00  1.230000e+02
0.000000e+00  -1.058887e+02  8.301657e+02  4.049906e+02  3.135729e+00  8.726646e-02  1.548498e+00  1.230000e+02
0.000000e+00  -1.058887e+02  8.301657e+02  4.049906e+02  3.135729e+00  8.726646e-02  1.548498e+00  1.230000e+02
0.000000e+00  -1.053312e+02  8.301718e+02  4.047643e+02  3.135729e+00  8.726646e-02  1.548498e+00  1.230000e+02
0.000000e+00  -1.047736e+02  8.301779e+02  4.045380e+02  3.135729e+00  9.366600e-02  1.548498e+00  1.230000e+02
0.000000e+00  -1.042160e+02  8.301840e+02  4.043117e+02  3.135729e+00  1.000655e-01  1.548498e+00  1.230000e+02
0.000000e+00  -1.036585e+02  8.301900e+02  4.040854e+02  3.135729e+00  1.064651e-01  1.548498e+00  1.230000e+02
0.000000e+00  -1.031009e+02  8.301961e+02  4.038590e+02  3.135729e+00  1.128646e-01  1.548498e+00  1.230000e+02
0.000000e+00  -1.025433e+02  8.302022e+02  4.036327e+02  3.135729e+00  1.192642e-01  1.548498e+00  1.230000e+02
0.000000e+00  -1.019857e+02  8.302083e+02  4.034064e+02  3.135729e+00  1.256637e-01  1.548498e+00  1.230000e+02
0.000000e+00  -1.014282e+02  8.302144e+02  4.031801e+02  3.135729e+00  1.320632e-01  1.548498e+00  1.230000e+02
0.000000e+00  -1.008706e+02  8.302204e+02  4.029538e+02  3.135729e+00  1.384628e-01  1.548498e+00  1.230000e+02
0.000000e+00  -1.003130e+02  8.302265e+02  4.027274e+02  3.135729e+00  1.448623e-01  1.548498e+00  1.230000e+02
0.000000e+00  -9.975545e+01  8.302326e+02  4.025011e+02  3.135729e+00  1.512619e-01  1.548498e+00  1.230000e+02
0.000000e+00  -9.919788e+01  8.302387e+02  4.022748e+02  3.135729e+00  1.576614e-01  1.548498e+00  1.230000e+02
0.000000e+00  -9.864031e+01  8.302448e+02  4.020485e+02  3.135729e+00  1.640609e-01  1.548498e+00  1.230000e+02
0.000000e+00  -9.808274e+01  8.302509e+02  4.018222e+02  3.135729e+00  1.704605e-01  1.548498e+00  1.230000e+02
0.000000e+00  -9.752517e+01  8.302569e+02  4.015959e+02  3.135729e+00  1.768600e-01  1.548498e+00  1.230000e+02
0.000000e+00  -9.696759e+01  8.302630e+02  4.013695e+02  3.135729e+00  1.832596e-01  1.548498e+00  1.230000e+02
0.000000e+00  -9.641002e+01  8.302691e+02  4.011432e+02  3.135729e+00  1.896591e-01  1.548498e+00  1.230000e+02
0.000000e+00  -9.585245e+01  8.302752e+02  4.009169e+02  3.135729e+00  1.960587e-01  1.548498e+00  1.230000e+02
0.000000e+00  -9.529488e+01  8.302813e+02  4.006906e+02  3.135729e+00  2.024582e-01  1.548498e+00  1.230000e+02
0.000000e+00  -9.473731e+01  8.302873e+02  4.004643e+02  3.135729e+00  2.088577e-01  1.548498e+00  1.230000e+02
0.000000e+00  -9.417974e+01  8.302934e+02  4.002380e+02  3.135729e+00  2.152573e-01  1.548498e+00  1.230000e+02
0.000000e+00  -9.362216e+01  8.302995e+02  4.000116e+02  3.135729e+00  2.216568e-01  1.548498e+00  1.230000e+02
0.000000e+00  -9.306459e+01  8.303056e+02  3.997853e+02  3.135729e+00  2.280564e-01  1.548498e+00  1.230000e+02
0.000000e+00  -9.250702e+01  8.303117e+02  3.995590e+02  3.135729e+00  2.344559e-01  1.548498e+00  1.230000e+02
0.000000e+00  -9.194945e+01  8.303178e+02  3.993327e+02  3.135729e+00  2.408554e-01  1.548498e+00  1.230000e+02
0.000000e+00  -9.139188e+01  8.303238e+02  3.991064e+02  3.135729e+00  2.472550e-01  1.548498e+00  1.230000e+02
0.000000e+00  -9.083431e+01  8.303299e+02  3.988800e+02  3.135729e+00  2.536545e-01  1.548498e+00  1.230000e+02
0.000000e+00  -9.027674e+01  8.303360e+02  3.986537e+02  3.135729e+00  2.600541e-01  1.548498e+00  1.230000e+02
0.000000e+00  -8.971916e+01  8.303421e+02  3.984274e+02  3.135729e+00  2.664536e-01  1.548498e+00  1.230000e+02
0.000000e+00  -8.916159e+01  8.303482e+02  3.982011e+02  3.135729e+00  2.728531e-01  1.548498e+00  1.230000e+02
0.000000e+00  -8.860402e+01  8.303542e+02  3.979748e+02  3.135729e+00  2.792527e-01  1.548498e+00  1.230000e+02
0.000000e+00  -8.804645e+01  8.303603e+02  3.977485e+02  3.135729e+00  2.856522e-01  1.548498e+00  1.230000e+02
0.000000e+00  -8.748888e+01  8.303664e+02  3.975221e+02  3.135729e+00  2.920518e-01  1.548498e+00  1.230000e+02
0.000000e+00  -8.693131e+01  8.303725e+02  3.972958e+02  3.135729e+00  2.984513e-01  1.548498e+00  1.230000e+02
0.000000e+00  -8.637373e+01  8.303786e+02  3.970695e+02  3.135729e+00  3.048508e-01  1.548498e+00  1.230000e+02
0.000000e+00  -8.581616e+01  8.303847e+02  3.968432e+02  3.135729e+00  3.112504e-01  1.548498e+00  1.230000e+02
0.000000e+00  -8.525859e+01  8.303907e+02  3.966169e+02  3.135729e+00  3.176499e-01  1.548498e+00  1.230000e+02
0.000000e+00  -8.470102e+01  8.303968e+02  3.963906e+02  3.135729e+00  3.240495e-01  1.548498e+00  1.230000e+02
0.000000e+00  -8.414345e+01  8.304029e+02  3.961642e+02  3.135729e+00  3.304490e-01  1.548498e+00  1.230000e+02
0.000000e+00  -8.358588e+01  8.304090e+02  3.959379e+02  3.135729e+00  3.368485e-01  1.548498e+00  1.230000e+02
0.000000e+00  -8.302830e+01  8.304151e+02  3.957116e+02  3.135729e+00  3.432481e-01  1.548498e+00  1.230000e+02
0.000000e+00  -8.247073e+01  8.304211e+02  3.954853e+02  3.135729e+00  3.496476e-01  1.548498e+00  1.230000e+02
0.000000e+00  -8.191316e+01  8.304272e+02  3.952590e+02  3.135729e+00  3.560472e-01  1.548498e+00  1.230000e+02
0.000000e+00  -8.135559e+01  8.304333e+02  3.950327e+02  3.135729e+00  3.624467e-01  1.548498e+00  1.230000e+02
0.000000e+00  -8.079802e+01  8.304394e+02  3.948063e+02  3.135729e+00  3.688462e-01  1.548498e+00  1.230000e+02
0.000000e+00  -8.024045e+01  8.304455e+02  3.945800e+02  3.135729e+00  3.752458e-01  1.548498e+00  1.230000e+02
0.000000e+00  -7.968287e+01  8.304516e+02  3.943537e+02  3.135729e+00  3.816453e-01  1.548498e+00  1.230000e+02
0.000000e+00  -7.912530e+01  8.304576e+02  3.941274e+02  3.135729e+00  3.880449e-01  1.548498e+00  1.230000e+02
0.000000e+00  -7.856773e+01  8.304637e+02  3.939011e+02  3.135729e+00  3.944444e-01  1.548498e+00  1.230000e+02
0.000000e+00  -7.801016e+01  8.304698e+02  3.936747e+02  3.135729e+00  4.008440e-01  1.548498e+00  1.230000e+02
0.000000e+00  -7.745259e+01  8.304759e+02  3.934484e+02  3.135729e+00  4.072435e-01  1.548498e+00  1.230000e+02
0.000000e+00  -7.689502e+01  8.304820e+02  3.932221e+02  3.135729e+00  4.136430e-01  1.548498e+00  1.230000e+02
0.000000e+00  -7.633745e+01  8.304881e+02  3.929958e+02  3.135729e+00  4.200426e-01  1.548498e+00  1.230000e+02
0.000000e+00  -7.577987e+01  8.304941e+02  3.927695e+02  3.135729e+00  4.264421e-01  1.548498e+00  1.230000e+02
0.000000e+00  -7.522230e+01  8.305002e+02  3.925432e+02  3.135729e+00  4.328417e-01  1.548498e+00  1.230000e+02
0.000000e+00  -7.466473e+01  8.305063e+02  3.923168e+02  3.135729e+00  4.392412e-01  1.548498e+00  1.230000e+02
0.000000e+00  -7.410716e+01  8.305124e+02  3.920905e+02  3.135729e+00  4.456407e-01  1.548498e+00  1.230000e+02
0.000000e+00  -7.354959e+01  8.305185e+02  3.918642e+02  3.135729e+00  4.520403e-01  1.548498e+00  1.230000e+02
0.000000e+00  -7.299202e+01  8.305245e+02  3.916379e+02  3.135729e+00  4.584398e-01  1.548498e+00  1.230000e+02
0.000000e+00  -7.243444e+01  8.305306e+02  3.914116e+02  3.135729e+00  4.648394e-01  1.548498e+00  1.230000e+02
0.000000e+00  -7.187687e+01  8.305367e+02  3.911853e+02  3.135729e+00  4.712389e-01  1.548498e+00  1.230000e+02
0.000000e+00  -7.131930e+01  8.305428e+02  3.909589e+02  3.135729e+00  4.776384e-01  1.548498e+00  1.230000e+02
0.000000e+00  -7.076173e+01  8.305489e+02  3.907326e+02  3.135729e+00  4.840380e-01  1.548498e+00  1.230000e+02
0.000000e+00  -7.020416e+01  8.305550e+02  3.905063e+02  3.135729e+00  4.904375e-01  1.548498e+00  1.230000e+02
0.000000e+00  -6.964659e+01  8.305610e+02  3.902800e+02  3.135729e+00  4.968371e-01  1.548498e+00  1.230000e+02
0.000000e+00  -6.908901e+01  8.305671e+02  3.900537e+02  3.135729e+00  5.032366e-01  1.548498e+00  1.230000e+02
0.000000e+00  -6.853144e+01  8.305732e+02  3.898274e+02  3.135729e+00  5.096361e-01  1.548498e+00  1.230000e+02
0.000000e+00  -6.797387e+01  8.305793e+02  3.896010e+02  3.135729e+00  5.160357e-01  1.548498e+00  1.230000e+02
0.000000e+00  -6.741630e+01  8.305854e+02  3.893747e+02  3.135729e+00  5.224352e-01  1.548498e+00  1.230000e+02
0.000000e+00  -6.685873e+01  8.305914e+02  3.891484e+02  3.135729e+00  5.288348e-01  1.548498e+00  1.230000e+02
0.000000e+00  -6.630116e+01  8.305975e+02  3.889221e+02  3.135729e+00  5.352343e-01  1.548498e+00  1.230000e+02
0.000000e+00  -6.574358e+01  8.306036e+02  3.886958e+02  3.135729e+00  5.416338e-01  1.548498e+00  1.230000e+02
0.000000e+00  -6.518601e+01  8.306097e+02  3.884694e+02  3.135729e+00  5.480334e-01  1.548498e+00  1.230000e+02
0.000000e+00  -6.462844e+01  8.306158e+02  3.882431e+02  3.135729e+00  5.544329e-01  1.548498e+00  1.230000e+02
0.000000e+00  -6.407087e+01  8.306219e+02  3.880168e+02  3.135729e+00  5.608325e-01  1.548498e+00  1.230000e+02
0.000000e+00  -6.351330e+01  8.306279e+02  3.877905e+02  3.135729e+00  5.672320e-01  1.548498e+00  1.230000e+02
0.000000e+00  -6.295573e+01  8.306340e+02  3.875642e+02  3.135729e+00  5.736315e-01  1.548498e+00  1.230000e+02
0.000000e+00  -6.239816e+01  8.306401e+02  3.873379e+02  3.135729e+00  5.800311e-01  1.548498e+00  1.230000e+02
0.000000e+00  -6.184058e+01  8.306462e+02  3.871115e+02  3.135729e+00  5.864306e-01  1.548498e+00  1.230000e+02
0.000000e+00  -6.128301e+01  8.306523e+02  3.868852e+02  3.135729e+00  5.928302e-01  1.548498e+00  1.230000e+02
0.000000e+00  -6.072544e+01  8.306583e+02  3.866589e+02  3.135729e+00  5.992297e-01  1.548498e+00  1.230000e+02
0.000000e+00  -6.016787e+01  8.306644e+02  3.864326e+02  3.135729e+00  6.056293e-01  1.548498e+00  1.230000e+02
0.000000e+00  -5.961030e+01  8.306705e+02  3.862063e+02  3.135729e+00  6.120288e-01  1.548498e+00  1.230000e+02
0.000000e+00  -5.905273e+01  8.306766e+02  3.859800e+02  3.135729e+00  6.184283e-01  1.548498e+00  1.230000e+02
0.000000e+00  -5.849515e+01  8.306827e+02  3.857536e+02  3.135729e+00  6.248279e-01  1.548498e+00  1.230000e+02
0.000000e+00  -5.793758e+01  8.306888e+02  3.855273e+02  3.135729e+00  6.312274e-01  1.548498e+00  1.230000e+02
0.000000e+00  -5.738001e+01  8.306948e+02  3.853010e+02  3.135729e+00  6.376270e-01  1.548498e+00  1.230000e+02
0.000000e+00  -5.682244e+01  8.307009e+02  3.850747e+02  3.135729e+00  6.440265e-01  1.548498e+00  1.230000e+02
0.000000e+00  -5.626487e+01  8.307070e+02  3.848484e+02  3.135729e+00  6.504260e-01  1.548498e+00  1.230000e+02
0.000000e+00  -5.570730e+01  8.307131e+02  3.846220e+02  3.135729e+00  6.568256e-01  1.548498e+00  1.230000e+02
0.000000e+00  -5.514972e+01  8.307192e+02  3.843957e+02  3.135729e+00  6.632251e-01  1.548498e+00  1.230000e+02
0.000000e+00  -5.459215e+01  8.307252e+02  3.841694e+02  3.135729e+00  6.696247e-01  1.548498e+00  1.230000e+02
0.000000e+00  -5.403458e+01  8.307313e+02  3.839431e+02  3.135729e+00  6.760242e-01  1.548498e+00  1.230000e+02
0.000000e+00  -5.347701e+01  8.307374e+02  3.837168e+02  3.135729e+00  6.824237e-01  1.548498e+00  1.230000e+02
0.000000e+00  -5.291944e+01  8.307435e+02  3.834905e+02  3.135729e+00  6.888233e-01  1.548498e+00  1.230000e+02
0.000000e+00  -5.236187e+01  8.307496e+02  3.832641e+02  3.135729e+00  6.952228e-01  1.548498e+00  1.230000e+02
0.000000e+00  -5.180429e+01  8.307557e+02  3.830378e+02  3.135729e+00  7.016224e-01  1.548498e+00  1.230000e+02
0.000000e+00  -5.124672e+01  8.307617e+02  3.828115e+02  3.135729e+00  7.080219e-01  1.548498e+00  1.230000e+02
0.000000e+00  -5.068915e+01  8.307678e+02  3.825852e+02  3.135729e+00  7.144214e-01  1.548498e+00  1.230000e+02
0.000000e+00  -5.013158e+01  8.307739e+02  3.823589e+02  3.135729e+00  7.208210e-01  1.548498e+00  1.230000e+02
0.000000e+00  -4.957401e+01  8.307800e+02  3.821326e+02  3.135729e+00  7.272205e-01  1.548498e+00  1.230000e+02
0.000000e+00  -4.901644e+01  8.307861e+02  3.819062e+02  3.135729e+00  7.336201e-01  1.548498e+00  1.230000e+02
0.000000e+00  -4.845887e+01  8.307921e+02  3.816799e+02  3.135729e+00  7.400196e-01  1.548498e+00  1.230000e+02
0.000000e+00  -4.790129e+01  8.307982e+02  3.814536e+02  3.135729e+00  7.464191e-01  1.548498e+00  1.230000e+02
0.000000e+00  -4.734372e+01  8.308043e+02  3.812273e+02  3.135729e+00  7.528187e-01  1.548498e+00  1.230000e+02
0.000000e+00  -4.678615e+01  8.308104e+02  3.810010e+02  3.135729e+00  7.592182e-01  1.548498e+00  1.230000e+02
0.000000e+00  -4.622858e+01  8.308165e+02  3.807747e+02  3.135729e+00  7.656178e-01  1.548498e+00  1.230000e+02
0.000000e+00  -4.567101e+01  8.308226e+02  3.805483e+02  3.135729e+00  7.720173e-01  1.548498e+00  1.230000e+02
0.000000e+00  -4.511344e+01  8.308286e+02  3.803220e+02  3.135729e+00  7.784168e-01  1.548498e+00  1.230000e+02
0.000000e+00  -4.455586e+01  8.308347e+02  3.800957e+02  3.135729e+00  7.848164e-01  1.548498e+00  1.230000e+02
0.000000e+00  -4.399829e+01  8.308408e+02  3.798694e+02  3.135729e+00  7.912159e-01  1.548498e+00  1.230000e+02
0.000000e+00  -4.344072e+01  8.308469e+02  3.796431e+02  3.135729e+00  7.976155e-01  1.548498e+00  1.230000e+02
0.000000e+00  -4.288315e+01  8.308530e+02  3.794167e+02  3.135729e+00  8.040150e-01  1.548498e+00  1.230000e+02
0.000000e+00  -4.232558e+01  8.308590e+02  3.791904e+02  3.135729e+00  8.104145e-01  1.548498e+00  1.230000e+02
0.000000e+00  -4.176801e+01  8.308651e+02  3.789641e+02  3.135729e+00  8.168141e-01  1.548498e+00  1.230000e+02
0.000000e+00  -4.121043e+01  8.308712e+02  3.787378e+02  3.135729e+00  8.232136e-01  1.548498e+00  1.230000e+02
0.000000e+00  -4.065286e+01  8.308773e+02  3.785115e+02  3.135729e+00  8.296132e-01  1.548498e+00  1.230000e+02
0.000000e+00  -4.009529e+01  8.308834e+02  3.782852e+02  3.135729e+00  8.360127e-01  1.548498e+00  1.230000e+02
0.000000e+00  -3.953772e+01  8.308895e+02  3.780588e+02  3.135729e+00  8.424123e-01  1.548498e+00  1.230000e+02
0.000000e+00  -3.898015e+01  8.308955e+02  3.778325e+02  3.135729e+00  8.488118e-01  1.548498e+00  1.230000e+02
0.000000e+00  -3.842258e+01  8.309016e+02  3.776062e+02  3.135729e+00  8.552113e-01  1.548498e+00  1.230000e+02
0.000000e+00  -3.786500e+01  8.309077e+02  3.773799e+02  3.135729e+00  8.616109e-01  1.548498e+00  1.230000e+02
0.000000e+00  -3.730743e+01  8.309138e+02  3.771536e+02  3.135729e+00  8.680104e-01  1.548498e+00  1.230000e+02
0.000000e+00  -3.674986e+01  8.309199e+02  3.769273e+02  3.135729e+00  8.744100e-01  1.548498e+00  1.230000e+02
0.000000e+00  -3.619229e+01  8.309260e+02  3.767009e+02  3.135729e+00  8.808095e-01  1.548498e+00  1.230000e+02
0.000000e+00  -3.563472e+01  8.309320e+02  3.764746e+02  3.135729e+00  8.872090e-01  1.548498e+00  1.230000e+02
0.000000e+00  -3.507715e+01  8.309381e+02  3.762483e+02  3.135729e+00  8.936086e-01  1.548498e+00  1.230000e+02
0.000000e+00  -3.451958e+01  8.309442e+02  3.760220e+02  3.135729e+00  9.000081e-01  1.548498e+00  1.230000e+02
0.000000e+00  -3.396200e+01  8.309503e+02  3.757957e+02  3.135729e+00  9.064077e-01  1.548498e+00  1.230000e+02
0.000000e+00  -3.340443e+01  8.309564e+02  3.755693e+02  3.135729e+00  9.128072e-01  1.548498e+00  1.230000e+02
0.000000e+00  -3.284686e+01  8.309624e+02  3.753430e+02  3.135729e+00  9.192067e-01  1.548498e+00  1.230000e+02
0.000000e+00  -3.228929e+01  8.309685e+02  3.751167e+02  3.135729e+00  9.256063e-01  1.548498e+00  1.230000e+02
0.000000e+00  -3.173172e+01  8.309746e+02  3.748904e+02  3.135729e+00  9.320058e-01  1.548498e+00  1.230000e+02
0.000000e+00  -3.117415e+01  8.309807e+02  3.746641e+02  3.135729e+00  9.384054e-01  1.548498e+00  1.230000e+02
0.000000e+00  -3.061657e+01  8.309868e+02  3.744378e+02  3.135729e+00  9.448049e-01  1.548498e+00  1.230000e+02
0.000000e+00  -3.005900e+01  8.309929e+02  3.742114e+02  3.135729e+00  9.512044e-01  1.548498e+00  1.230000e+02
0.000000e+00  -2.950143e+01  8.309989e+02  3.739851e+02  3.135729e+00  9.576040e-01  1.548498e+00  1.230000e+02
0.000000e+00  -2.894386e+01  8.310050e+02  3.737588e+02  3.135729e+00  9.640035e-01  1.548498e+00  1.230000e+02
0.000000e+00  -2.838629e+01  8.310111e+02  3.735325e+02  3.135729e+00  9.704031e-01  1.548498e+00  1.230000e+02
0.000000e+00  -2.782872e+01  8.310172e+02  3.733062e+02  3.135729e+00  9.768026e-01  1.548498e+00  1.230000e+02
0.000000e+00  -2.727114e+01  8.310233e+02  3.730799e+02  3.135729e+00  9.832021e-01  1.548498e+00  1.230000e+02
0.000000e+00  -2.671357e+01  8.310293e+02  3.728535e+02  3.135729e+00  9.896017e-01  1.548498e+00  1.230000e+02
0.000000e+00  -2.615600e+01  8.310354e+02  3.726272e+02  3.135729e+00  9.960012e-01  1.548498e+00  1.230000e+02
0.000000e+00  -2.559843e+01  8.310415e+02  3.724009e+02  3.135729e+00  1.002401e+00  1.548498e+00  1.230000e+02
0.000000e+00  -2.504086e+01  8.310476e+02  3.721746e+02  3.135729e+00  1.008800e+00  1.548498e+00  1.230000e+02
0.000000e+00  -2.448329e+01  8.310537e+02  3.719483e+02  3.135729e+00  1.015200e+00  1.548498e+00  1.230000e+02
0.000000e+00  -2.392571e+01  8.310598e+02  3.717220e+02  3.135729e+00  1.021599e+00  1.548498e+00  1.230000e+02
0.000000e+00  -2.336814e+01  8.310658e+02  3.714956e+02  3.135729e+00  1.027999e+00  1.548498e+00  1.230000e+02
0.000000e+00  -2.281057e+01  8.310719e+02  3.712693e+02  3.135729e+00  1.034398e+00  1.548498e+00  1.230000e+02
0.000000e+00  -2.225300e+01  8.310780e+02  3.710430e+02  3.135729e+00  1.040798e+00  1.548498e+00  1.230000e+02
